0 0.321875 0.20390625 0.11875 0.065625
0 0.328125 0.89765625 0.0625 0.03125
0 0.3375 0.47109375 0.0875 0.0546875
0 0.3390625 0.82265625 0.0515625 0.03125
0 0.34296875 0.5296875 0.0875 0.05
0 0.34609375 0.11328125 0.103125 0.0625
0 0.3515625 0.4078125 0.071875 0.0453125
0 0.353125 0.3703125 0.0953125 0.0234375
0 0.35546875 0.76640625 0.0625 0.0375
1 0.35546875 0.64921875 0.0625 0.046875
1 0.35546875 0.61484375 0.078125 0.01875
0 0.35703125 0.71796875 0.065625 0.04375
1 0.3703125 0.340625 0.0765625 0.0375
0 0.371875 0.2828125 0.046875 0.0375
0 0.3734375 0.58203125 0.059375 0.0375