0 0.678125 0.79609375 0.11875 0.065625
0 0.671875 0.10234375 0.0625 0.03125
0 0.6625 0.52890625 0.0875 0.0546875
0 0.6609375 0.17734375 0.0515625 0.03125
0 0.65703125 0.4703125 0.0875 0.05
0 0.65390625 0.88671875 0.103125 0.0640625
0 0.6484375 0.5921875 0.071875 0.0453125
0 0.646875 0.6296875 0.0953125 0.0234375
0 0.64453125 0.23359375 0.0625 0.0375
1 0.64453125 0.35078125 0.0625 0.046875
1 0.64453125 0.38515625 0.078125 0.01875
0 0.64296875 0.28203125 0.065625 0.04375
1 0.6296875 0.659375 0.0765625 0.0375
0 0.628125 0.7171875 0.046875 0.0375
0 0.6265625 0.41796875 0.059375 0.0375