2 0.86328125 0.1609375 0.059375 0.11875
2 0.6171875 0.190625 0.0546875 0.1
2 0.3765625 0.2046875 0.0390625 0.0875
1 0.13828125 0.2375 0.109375 0.184375
1 0.32890625 0.2515625 0.059375 0.115625
1 0.628125 0.33671875 0.053125 0.140625
2 0.8 0.3390625 0.071875 0.125
0 0.525 0.4328125 0.134375 0.2484375
0 0.690625 0.45546875 0.078125 0.165625
2 0.6625 0.05546875 0.040625 0.08125
1 0.28359375 0.65703125 0.109375 0.2359375
2 0.50703125 0.06875 0.0328125 0.0734375
0 0.8796875 0.796875 0.0703125 0.178125
1 0.46328125 0.109375 0.04375 0.1015625