2 0.13671875 0.1609375 0.059375 0.11875
2 0.3828125 0.190625 0.0546875 0.1
2 0.6234375 0.2046875 0.0390625 0.0875
1 0.86171875 0.2375 0.109375 0.184375
1 0.67109375 0.2515625 0.059375 0.115625
1 0.371875 0.33671875 0.053125 0.140625
2 0.2 0.3390625 0.071875 0.125
0 0.475 0.4328125 0.134375 0.2484375
0 0.309375 0.45546875 0.078125 0.165625
2 0.3375 0.05546875 0.040625 0.08125
1 0.71640625 0.65703125 0.109375 0.2359375
2 0.49296875 0.06875 0.0328125 0.0734375
0 0.1203125 0.796875 0.0703125 0.178125
1 0.53671875 0.109375 0.04375 0.1015625