2 0.8629807692307693 0.16105769230769232 0.05889423076923077 0.11899038461538461
0 0.6899038461538461 0.45552884615384615 0.07932692307692307 0.16706730769230768
0 0.8798076923076923 0.796875 0.06971153846153846 0.1778846153846154
2 0.8004807692307693 0.3389423076923077 0.07091346153846154 0.125
2 0.6177884615384616 0.18990384615384615 0.055288461538461536 0.09975961538461539
0 0.5252403846153846 0.4326923076923077 0.13341346153846154 0.24879807692307693
1 0.28365384615384615 0.6574519230769231 0.109375 0.23557692307692307
1 0.13822115384615385 0.23798076923076922 0.109375 0.18389423076923078
1 0.3293269230769231 0.2512019230769231 0.05889423076923077 0.11658653846153846
1 0.46274038461538464 0.109375 0.04326923076923077 0.10096153846153846
2 0.5072115384615384 0.06850961538461539 0.03245192307692308 0.0733173076923077
2 0.6634615384615384 0.055288461538461536 0.040865384615384616 0.08052884615384616