1 0.8734375 0.73828125 0.05625 0.034375
1 0.86640625 0.6453125 0.078125 0.04375
1 0.853125 0.578125 0.05 0.0328125
1 0.81328125 0.68125 0.078125 0.040625
1 0.796875 0.53671875 0.06875 0.0375
1 0.78515625 0.5984375 0.071875 0.04375
1 0.715625 0.4921875 0.078125 0.059375
1 0.6875 0.559375 0.10625 0.053125
1 0.65234375 0.41875 0.1 0.053125
1 0.58125 0.725 0.1234375 0.059375
1 0.5796875 0.47265625 0.1140625 0.065625
1 0.55 0.6546875 0.14375 0.0625
0 0.49765625 0.1234375 0.253125 0.1078125
1 0.3546875 0.43125 0.23125 0.10625
1 0.2828125 0.815625 0.221875 0.09375
1 0.240625 0.5375 0.228125 0.084375
1 0.21171875 0.66328125 0.234375 0.115625