1 0.73828125 0.1265625 0.034375 0.05625
1 0.6453125 0.13359375 0.04375 0.078125
1 0.578125 0.146875 0.0328125 0.05
1 0.68125 0.18671875 0.040625 0.078125
1 0.53671875 0.203125 0.0375 0.06875
1 0.5984375 0.21484375 0.04375 0.071875
1 0.4921875 0.284375 0.059375 0.078125
1 0.559375 0.3125 0.053125 0.10625
1 0.41875 0.34765625 0.053125 0.1
1 0.725 0.41875 0.059375 0.1234375
1 0.47265625 0.4203125 0.065625 0.1140625
1 0.6546875 0.45 0.0625 0.14375
0 0.1234375 0.50234375 0.1078125 0.253125
1 0.43125 0.6453125 0.10625 0.23125
1 0.815625 0.7171875 0.09375 0.221875
1 0.5375 0.759375 0.084375 0.228125
1 0.66328125 0.78828125 0.115625 0.234375