1 0.8185096153846154 0.1658653846153846 0.07451923076923077 0.1310096153846154
1 0.20793269230769232 0.23317307692307693 0.08173076923076923 0.15985576923076922
1 0.14423076923076922 0.2620192307692308 0.040865384615384616 0.0829326923076923
1 0.06009615384615385 0.27884615384615385 0.016826923076923076 0.03365384615384615
1 0.3161057692307692 0.23076923076923078 0.02283653846153846 0.056490384615384616
1 0.640625 0.27163461538461536 0.030048076923076924 0.05889423076923077
0 0.49158653846153844 0.21153846153846154 0.10096153846153846 0.16947115384615385
1 0.4014423076923077 0.23677884615384615 0.02403846153846154 0.040865384615384616
1 0.5721153846153846 0.24639423076923078 0.014423076923076924 0.030048076923076924
1 0.006009615384615385 0.2980769230769231 0.008413461538461538 0.027644230769230768
0 0.5973557692307693 0.23076923076923078 0.016826923076923076 0.021634615384615384