2 0.88203125 0.95625 0.071875 0.0296875
1 0.97578125 0.5890625 0.0453125 0.021875
2 0.76953125 0.8484375 0.0625 0.040625
0 0.7546875 0.553125 0.0875 0.0421875
1 0.97421875 0.33828125 0.0484375 0.0359375
2 0.971875 0.85859375 0.0546875 0.034375
2 0.690625 0.659375 0.071875 0.04375
2 0.66796875 0.503125 0.0828125 0.040625
2 0.6078125 0.9265625 0.08125 0.0390625
2 0.590625 0.4203125 0.0796875 0.0453125
2 0.515625 0.234375 0.09375 0.053125
1 0.509375 0.4015625 0.0921875 0.053125
2 0.48203125 0.753125 0.096875 0.0390625
2 0.94765625 0.7375 0.053125 0.025
1 0.94765625 0.509375 0.0703125 0.04375
2 0.459375 0.828125 0.090625 0.0484375
1 0.428125 0.175 0.08125 0.0421875
2 0.309375 0.43515625 0.10625 0.053125
2 0.92734375 0.68671875 0.075 0.0375
2 0.27265625 0.76875 0.09375 0.04375
1 0.2 0.53984375 0.0875 0.046875
2 0.18125 0.9703125 0.1 0.046875
1 0.16484375 0.69765625 0.0953125 0.065625
1 0.0875 0.63125 0.109375 0.04375
2 0.03984375 0.68515625 0.075 0.0625
1 0.8921875 0.6078125 0.06875 0.0296875