1 0.8245192307692307 0.5721153846153846 0.042067307692307696 0.08052884615384616
2 0.765625 0.484375 0.052884615384615384 0.09375
1 0.5985576923076923 0.49038461538461536 0.054086538461538464 0.09254807692307693
2 0.5793269230769231 0.40865384615384615 0.04567307692307692 0.07932692307692307
2 0.5649038461538461 0.6911057692307693 0.052884615384615384 0.10697115384615384
1 0.46033653846153844 0.8004807692307693 0.046875 0.08653846153846154
2 0.36899038461538464 0.9122596153846154 0.04326923076923077 0.109375
2 0.31490384615384615 0.9603365384615384 0.06129807692307692 0.07451923076923077
1 0.3016826923076923 0.8353365384615384 0.06490384615384616 0.09495192307692307
2 0.23076923076923078 0.7271634615384616 0.04447115384615385 0.09375
2 0.030048076923076924 0.8185096153846154 0.046875 0.0985576923076923
2 0.24759615384615385 0.5180288461538461 0.038461538461538464 0.09615384615384616
2 0.171875 0.5408653846153846 0.04807692307692308 0.09134615384615384
2 0.4963942307692308 0.3329326923076923 0.039663461538461536 0.0829326923076923
0 0.44711538461538464 0.24519230769230768 0.042067307692307696 0.08653846153846154
2 0.3401442307692308 0.31009615384615385 0.04326923076923077 0.07211538461538461
2 0.0733173076923077 0.3918269230769231 0.038461538461538464 0.08173076923076923
2 0.15144230769230768 0.23076923076923078 0.040865384615384616 0.06129807692307692
2 0.3137019230769231 0.0733173076923077 0.037259615384615384 0.07451923076923077
2 0.14182692307692307 0.028846153846153848 0.03485576923076923 0.054086538461538464
2 0.04326923076923077 0.11778846153846154 0.030048076923076924 0.0733173076923077
1 0.3918269230769231 0.10817307692307693 0.030048076923076924 0.06850961538461539
1 0.49038461538461536 0.051682692307692304 0.04447115384615385 0.07091346153846154
1 0.6622596153846154 0.025240384615384616 0.03485576923076923 0.05048076923076923