2 0.11796875 0.04375 0.071875 0.0296875
1 0.0234375 0.41171875 0.046875 0.0203125
2 0.23046875 0.1515625 0.0625 0.040625
0 0.2453125 0.446875 0.0875 0.0421875
1 0.025 0.6625 0.05 0.034375
2 0.028125 0.14140625 0.0546875 0.034375
2 0.309375 0.340625 0.071875 0.04375
2 0.33203125 0.496875 0.0828125 0.040625
2 0.3921875 0.0734375 0.08125 0.0390625
2 0.409375 0.5796875 0.0796875 0.0453125
2 0.484375 0.765625 0.09375 0.053125
1 0.490625 0.5984375 0.0921875 0.053125
2 0.51796875 0.246875 0.096875 0.0390625
2 0.05234375 0.2625 0.053125 0.025
1 0.05234375 0.490625 0.0703125 0.04375
2 0.540625 0.171875 0.090625 0.0484375
1 0.571875 0.825 0.08125 0.0421875
2 0.690625 0.56484375 0.10625 0.053125
2 0.07265625 0.31328125 0.075 0.0375
2 0.72734375 0.23125 0.09375 0.04375
1 0.8 0.46015625 0.0875 0.046875
2 0.81875 0.0296875 0.1 0.046875
1 0.83515625 0.30234375 0.0953125 0.065625
1 0.9125 0.36875 0.109375 0.04375
2 0.96015625 0.31484375 0.075 0.0625
1 0.1078125 0.3921875 0.06875 0.0296875