1 0.19375 0.68125 0.0921875 0.065625
2 0.253125 0.4296875 0.1125 0.0625
2 0.25390625 0.253125 0.1078125 0.053125
2 0.26484375 0.74296875 0.1 0.059375
1 0.29375 0.07734375 0.1 0.071875
1 0.340625 0.50625 0.1 0.078125
1 0.0375 0.69296875 0.075 0.059375
1 0.39921875 0.31640625 0.171875 0.103125
2 0.46484375 0.78515625 0.128125 0.0875
1 0.47265625 0.1765625 0.153125 0.090625
2 0.478125 0.93515625 0.1390625 0.1046875
2 0.62578125 0.63828125 0.2125 0.134375
2 0.64921875 0.371875 0.115625 0.08125
1 0.071875 0.84921875 0.1125 0.053125
1 0.75703125 0.246875 0.1546875 0.11875
1 0.8359375 0.7890625 0.2375 0.15
2 0.08515625 0.02421875 0.0765625 0.046875
2 0.9140625 0.63515625 0.1375 0.14375
1 0.09921875 0.50078125 0.1109375 0.05625
2 0.109375 0.76640625 0.121875 0.053125
2 0.1140625 0.3734375 0.0953125 0.0875
2 0.12109375 0.90703125 0.103125 0.0671875
2 0.128125 0.1359375 0.0953125 0.0640625
2 0.146875 0.559375 0.109375 0.05625