2 0.6382211538461539 0.6262019230769231 0.13341346153846154 0.2127403846153846
1 0.7896634615384616 0.8353365384615384 0.1502403846153846 0.23798076923076922
2 0.6346153846153846 0.9134615384615384 0.14302884615384615 0.13701923076923078
2 0.3713942307692308 0.6490384615384616 0.0829326923076923 0.11658653846153846
1 0.24639423076923078 0.7572115384615384 0.11899038461538461 0.15504807692307693
1 0.17668269230769232 0.4735576923076923 0.09014423076923077 0.15264423076923078
1 0.3161057692307692 0.39903846153846156 0.10336538461538461 0.171875
1 0.5060096153846154 0.34134615384615385 0.078125 0.10096153846153846
2 0.9350961538461539 0.47836538461538464 0.1045673076923077 0.13942307692307693
2 0.7848557692307693 0.4651442307692308 0.08653846153846154 0.12740384615384615
2 0.7668269230769231 0.109375 0.051682692307692304 0.12139423076923077
2 0.9074519230769231 0.12139423076923077 0.0673076923076923 0.10216346153846154
1 0.6814903846153846 0.1935096153846154 0.06490384615384616 0.09254807692307693
2 0.5588942307692307 0.1466346153846154 0.055288461538461536 0.109375
2 0.3737980769230769 0.1141826923076923 0.08774038461538461 0.09615384615384616
2 0.25240384615384615 0.2536057692307692 0.052884615384615384 0.10817307692307693
2 0.13581730769230768 0.12740384615384615 0.06370192307692307 0.09615384615384616
2 0.02403846153846154 0.08533653846153846 0.046875 0.07692307692307693
1 0.078125 0.29447115384615385 0.07211538461538461 0.10096153846153846
2 0.7427884615384616 0.265625 0.05889423076923077 0.0985576923076923