1 0.80625 0.31875 0.0921875 0.065625
2 0.746875 0.5703125 0.1125 0.0625
2 0.74609375 0.746875 0.1078125 0.053125
2 0.73515625 0.25703125 0.1 0.059375
1 0.70625 0.92265625 0.1 0.071875
1 0.659375 0.49375 0.1 0.078125
1 0.96171875 0.30703125 0.0734375 0.0609375
1 0.60078125 0.68359375 0.171875 0.103125
2 0.53515625 0.21484375 0.128125 0.0875
1 0.52734375 0.8234375 0.153125 0.090625
2 0.521875 0.06484375 0.1390625 0.1046875
2 0.37421875 0.36171875 0.2125 0.134375
2 0.35078125 0.628125 0.115625 0.08125
1 0.928125 0.15078125 0.1125 0.053125
1 0.24296875 0.753125 0.1546875 0.11875
1 0.1640625 0.2109375 0.2375 0.15
2 0.91484375 0.97578125 0.0765625 0.046875
2 0.0859375 0.36484375 0.1375 0.14375
1 0.90078125 0.49921875 0.1109375 0.05625
2 0.890625 0.23359375 0.121875 0.053125
2 0.8859375 0.6265625 0.0953125 0.0890625
2 0.87890625 0.09296875 0.103125 0.0671875
2 0.871875 0.8640625 0.0953125 0.0640625
2 0.853125 0.440625 0.109375 0.05625