2 0.36177884615384615 0.6262019230769231 0.13341346153846154 0.2127403846153846
1 0.21033653846153846 0.8353365384615384 0.1502403846153846 0.23798076923076922
2 0.36538461538461536 0.9134615384615384 0.14302884615384615 0.13701923076923078
2 0.6286057692307693 0.6490384615384616 0.0829326923076923 0.11658653846153846
1 0.7536057692307693 0.7572115384615384 0.11899038461538461 0.15504807692307693
1 0.8233173076923077 0.4735576923076923 0.09014423076923077 0.15264423076923078
1 0.6838942307692307 0.39903846153846156 0.10336538461538461 0.171875
1 0.49399038461538464 0.34134615384615385 0.078125 0.10096153846153846
2 0.06490384615384616 0.47836538461538464 0.1045673076923077 0.13942307692307693
2 0.21514423076923078 0.4651442307692308 0.08653846153846154 0.12740384615384615
2 0.23317307692307693 0.109375 0.051682692307692304 0.12139423076923077
2 0.09254807692307693 0.12139423076923077 0.0673076923076923 0.10216346153846154
1 0.31850961538461536 0.1935096153846154 0.06490384615384616 0.09254807692307693
2 0.4411057692307692 0.1466346153846154 0.055288461538461536 0.109375
2 0.6262019230769231 0.1141826923076923 0.08774038461538461 0.09615384615384616
2 0.7475961538461539 0.2536057692307692 0.052884615384615384 0.10817307692307693
2 0.8641826923076923 0.12740384615384615 0.06370192307692307 0.09615384615384616
2 0.9759615384615384 0.08533653846153846 0.046875 0.07692307692307693
1 0.921875 0.29447115384615385 0.07211538461538461 0.10096153846153846
2 0.25721153846153844 0.265625 0.05889423076923077 0.0985576923076923