1 0.08052884615384616 0.21634615384615385 0.07211538461538461 0.15625
1 0.17307692307692307 0.38100961538461536 0.1310096153846154 0.22115384615384615
1 0.5372596153846154 0.25600961538461536 0.125 0.13581730769230768
1 0.8942307692307693 0.4423076923076923 0.11298076923076923 0.12620192307692307
1 0.8149038461538461 0.26802884615384615 0.06850961538461539 0.10576923076923077
1 0.6802884615384616 0.25600961538461536 0.05889423076923077 0.09975961538461539
1 0.40865384615384615 0.35096153846153844 0.06850961538461539 0.1141826923076923
2 0.6442307692307693 0.109375 0.046875 0.0829326923076923
2 0.7367788461538461 0.19591346153846154 0.04927884615384615 0.09134615384615384
1 0.8846153846153846 0.22115384615384615 0.055288461538461536 0.0829326923076923
1 0.8665865384615384 0.1141826923076923 0.052884615384615384 0.0829326923076923