1 0.96875 0.2620192307692308 0.04567307692307692 0.11658653846153846
1 0.8629807692307693 0.2776442307692308 0.039663461538461536 0.08413461538461539
1 0.7704326923076923 0.2860576923076923 0.039663461538461536 0.09735576923076923
1 0.7223557692307693 0.19110576923076922 0.039663461538461536 0.0889423076923077
1 0.6670673076923077 0.23798076923076922 0.036057692307692304 0.09615384615384616
1 0.5612980769230769 0.2692307692307692 0.040865384615384616 0.10817307692307693
1 0.4338942307692308 0.25240384615384615 0.042067307692307696 0.0829326923076923
1 0.3473557692307692 0.3004807692307692 0.038461538461538464 0.09254807692307693
1 0.2548076923076923 0.28966346153846156 0.04326923076923077 0.10697115384615384
1 0.16466346153846154 0.3329326923076923 0.04567307692307692 0.11177884615384616
1 0.04567307692307692 0.3004807692307692 0.04567307692307692 0.11658653846153846