1 0.9483173076923077 0.27283653846153844 0.039663461538461536 0.08774038461538461
1 0.7475961538461539 0.234375 0.04567307692307692 0.10576923076923077
1 0.6370192307692307 0.26322115384615385 0.042067307692307696 0.08173076923076923
1 0.6838942307692307 0.23918269230769232 0.028846153846153848 0.054086538461538464
1 0.47475961538461536 0.2920673076923077 0.038461538461538464 0.08052884615384616
1 0.5793269230769231 0.27403846153846156 0.03365384615384615 0.06370192307692307
1 0.2932692307692308 0.25721153846153844 0.02403846153846154 0.07932692307692307
1 0.14423076923076922 0.2764423076923077 0.036057692307692304 0.09134615384615384
1 0.3293269230769231 0.22115384615384615 0.016826923076923076 0.046875
1 0.06610576923076923 0.19110576923076922 0.021634615384615384 0.06610576923076923
1 0.027644230769230768 0.19230769230769232 0.02283653846153846 0.051682692307692304
1 0.21634615384615385 0.234375 0.03365384615384615 0.08052884615384616