1 0.4543269230769231 0.4855769230769231 0.03365384615384615 0.0673076923076923
1 0.5612980769230769 0.5528846153846154 0.03485576923076923 0.06971153846153846
1 0.6754807692307693 0.4987980769230769 0.040865384615384616 0.0673076923076923
1 0.9002403846153846 0.47836538461538464 0.03365384615384615 0.07451923076923077
1 0.6213942307692307 0.8149038461538461 0.04326923076923077 0.0733173076923077
1 0.28725961538461536 0.7824519230769231 0.036057692307692304 0.07932692307692307
1 0.04567307692307692 0.7331730769230769 0.040865384615384616 0.06009615384615385
1 0.20072115384615385 0.5408653846153846 0.028846153846153848 0.056490384615384616
1 0.22956730769230768 0.3629807692307692 0.028846153846153848 0.07692307692307693
1 0.10096153846153846 0.4891826923076923 0.030048076923076924 0.057692307692307696
1 0.6538461538461539 0.35216346153846156 0.036057692307692304 0.04447115384615385
1 0.7584134615384616 0.30408653846153844 0.028846153846153848 0.052884615384615384
1 0.9651442307692307 0.3581730769230769 0.03245192307692308 0.056490384615384616
1 0.9194711538461539 0.28966346153846156 0.036057692307692304 0.054086538461538464
1 0.8533653846153846 0.16706730769230768 0.028846153846153848 0.04927884615384615
1 0.36538461538461536 0.24519230769230768 0.028846153846153848 0.0625
1 0.6995192307692307 0.22355769230769232 0.030048076923076924 0.056490384615384616
1 0.4338942307692308 0.19831730769230768 0.030048076923076924 0.052884615384615384
1 0.7463942307692307 0.8689903846153846 0.04447115384615385 0.06370192307692307
1 0.8774038461538461 0.7920673076923077 0.040865384615384616 0.06370192307692307
1 0.8257211538461539 0.5793269230769231 0.04807692307692308 0.0829326923076923