1 0.19765625 0.93046875 0.08125 0.034375
1 0.19921875 0.43359375 0.053125 0.0296875
1 0.2234375 0.7 0.05625 0.0296875
1 0.24453125 0.365625 0.0625 0.028125
1 0.028125 0.57265625 0.05625 0.034375
1 0.28984375 0.91953125 0.0546875 0.0359375
1 0.30390625 0.7578125 0.053125 0.028125
1 0.3375 0.040625 0.0671875 0.0390625
1 0.35234375 0.6546875 0.0453125 0.0359375
1 0.0359375 0.209375 0.0671875 0.034375
1 0.35859375 0.96484375 0.05625 0.0328125
1 0.36328125 0.2296875 0.0765625 0.028125
1 0.39765625 0.4046875 0.075 0.0375
1 0.4015625 0.8890625 0.071875 0.0390625
1 0.04609375 0.8484375 0.065625 0.028125
1 0.478125 0.90078125 0.075 0.034375
1 0.4859375 0.4546875 0.0671875 0.034375
1 0.4890625 0.1015625 0.0578125 0.0296875
1 0.49609375 0.8359375 0.0734375 0.046875
1 0.49921875 0.67578125 0.0671875 0.040625
1 0.540625 0.20078125 0.05625 0.028125
1 0.55234375 0.5609375 0.06875 0.034375
1 0.5796875 0.8265625 0.0828125 0.046875
1 0.0578125 0.0765625 0.05625 0.03125
1 0.065625 0.925 0.0640625 0.0328125
1 0.671875 0.0796875 0.09375 0.040625
1 0.73359375 0.0453125 0.059375 0.040625
1 0.078125 0.68984375 0.0671875 0.0390625
1 0.78203125 0.28671875 0.078125 0.0359375
1 0.79140625 0.8765625 0.0640625 0.040625
1 0.81484375 0.621875 0.0734375 0.04375
1 0.86875 0.74609375 0.0640625 0.0453125
1 0.08984375 0.49921875 0.059375 0.028125
1 0.9078125 0.846875 0.115625 0.0484375
1 0.1 0.40703125 0.0765625 0.0359375
1 0.103125 0.16015625 0.0671875 0.034375
1 0.153125 0.71953125 0.0765625 0.0359375
1 0.153125 0.47265625 0.0625 0.0296875
1 0.1671875 0.853125 0.0484375 0.028125
1 0.18359375 0.340625 0.075 0.0359375