1 0.9302884615384616 0.44591346153846156 0.10697115384615384 0.15745192307692307
1 0.6586538461538461 0.3918269230769231 0.08173076923076923 0.16346153846153846
1 0.5396634615384616 0.25841346153846156 0.057692307692307696 0.13701923076923078
1 0.3762019230769231 0.41466346153846156 0.06009615384615385 0.12980769230769232
1 0.23197115384615385 0.3737980769230769 0.06009615384615385 0.12740384615384615
1 0.8088942307692307 0.28365384615384615 0.04927884615384615 0.12740384615384615
1 0.11298076923076923 0.30408653846153844 0.052884615384615384 0.12620192307692307
1 0.4338942307692308 0.24639423076923078 0.04927884615384615 0.09375
1 0.22235576923076922 0.20072115384615385 0.055288461538461536 0.10336538461538461
1 0.8365384615384616 0.45913461538461536 0.054086538461538464 0.18028846153846154
2 0.3389423076923077 0.15264423076923078 0.037259615384615384 0.06971153846153846