1 0.2234375 0.7984375 0.06875 0.03125
1 0.228125 0.7203125 0.046875 0.0171875
1 0.22890625 0.30234375 0.075 0.034375
1 0.246875 0.615625 0.065625 0.0375
1 0.25546875 0.4375 0.065625 0.021875
1 0.2609375 0.57890625 0.059375 0.0234375
1 0.2625 0.17734375 0.071875 0.034375
1 0.2703125 0.45859375 0.059375 0.03125
1 0.29140625 0.5296875 0.1375 0.053125
1 0.29296875 0.87265625 0.1203125 0.059375
1 0.303125 0.05546875 0.05 0.0234375
1 0.33203125 0.73671875 0.13125 0.065625
1 0.35 0.15234375 0.0875 0.0375
1 0.38125 0.3515625 0.109375 0.05
1 0.15078125 0.9796875 0.04375 0.01875
1 0.17578125 0.803125 0.04375 0.0234375
1 0.19453125 0.9890625 0.0828125 0.01875
1 0.20859375 0.9140625 0.1109375 0.040625
1 0.2125 0.85390625 0.05625 0.03125
1 0.21328125 0.56015625 0.04375 0.01875
1 0.2140625 0.6734375 0.1125 0.053125