1 0.15264423076923078 0.34975961538461536 0.037259615384615384 0.08653846153846154
1 0.35096153846153844 0.38100961538461536 0.05048076923076923 0.109375
1 0.5300480769230769 0.29086538461538464 0.054086538461538464 0.13822115384615385
1 0.7367788461538461 0.3317307692307692 0.06610576923076923 0.1310096153846154
1 0.6742788461538461 0.21394230769230768 0.052884615384615384 0.11298076923076923
1 0.6153846153846154 0.24639423076923078 0.037259615384615384 0.06610576923076923
1 0.8725961538461539 0.2932692307692308 0.05889423076923077 0.1201923076923077
1 0.7992788461538461 0.22355769230769232 0.03125 0.06850961538461539
1 0.9891826923076923 0.19591346153846154 0.016826923076923076 0.08413461538461539
1 0.17668269230769232 0.2620192307692308 0.036057692307692304 0.07091346153846154
1 0.055288461538461536 0.30288461538461536 0.02403846153846154 0.051682692307692304
1 0.45913461538461536 0.2704326923076923 0.030048076923076924 0.06009615384615385