1 0.7512019230769231 0.1971153846153846 0.055288461538461536 0.1045673076923077
1 0.08533653846153846 0.27524038461538464 0.055288461538461536 0.09615384615384616
2 0.17427884615384615 0.24278846153846154 0.055288461538461536 0.07451923076923077
1 0.24759615384615385 0.2764423076923077 0.04447115384615385 0.08173076923076923
1 0.35697115384615385 0.28966346153846156 0.046875 0.05889423076923077
0 0.49759615384615385 0.23557692307692307 0.036057692307692304 0.06370192307692307
2 0.5697115384615384 0.21995192307692307 0.027644230769230768 0.052884615384615384
2 0.5480769230769231 0.29086538461538464 0.037259615384615384 0.057692307692307696
1 0.6081730769230769 0.234375 0.03245192307692308 0.052884615384615384
1 0.3894230769230769 0.21634615384615385 0.020432692307692308 0.052884615384615384
2 0.6670673076923077 0.28365384615384615 0.03485576923076923 0.046875