2 0.09254807692307693 0.30528846153846156 0.09735576923076923 0.21995192307692307
2 0.33774038461538464 0.2800480769230769 0.07932692307692307 0.19951923076923078
2 0.43028846153846156 0.29927884615384615 0.08774038461538461 0.20673076923076922
2 0.7512019230769231 0.19951923076923078 0.1045673076923077 0.20432692307692307
2 0.8918269230769231 0.28966346153846156 0.09615384615384616 0.17548076923076922
2 0.08653846153846154 0.7043269230769231 0.10576923076923077 0.19110576923076922
2 0.24158653846153846 0.625 0.11298076923076923 0.17548076923076922
2 0.34615384615384615 0.7572115384615384 0.109375 0.13581730769230768
2 0.5396634615384616 0.6177884615384616 0.08774038461538461 0.23076923076923078
2 0.8509615384615384 0.6646634615384616 0.08774038461538461 0.19110576923076922
2 0.9423076923076923 0.8701923076923077 0.10096153846153846 0.18870192307692307