2 0.4921875 0.9203125 0.159375 0.059375
2 0.53203125 0.609375 0.153125 0.05625
2 0.6859375 0.4734375 0.134375 0.053125
2 0.41875 0.7296875 0.1171875 0.046875
2 0.4109375 0.54765625 0.1203125 0.04375
2 0.3921875 0.64921875 0.125 0.046875
2 0.43671875 0.85078125 0.1171875 0.053125
2 0.2953125 0.76953125 0.1109375 0.046875
2 0.24609375 0.67109375 0.1109375 0.046875
2 0.275 0.56953125 0.1078125 0.04375
2 0.175 0.64921875 0.0984375 0.05
2 0.17109375 0.53359375 0.1203125 0.0375
2 0.3 0.496875 0.125 0.05
2 0.33359375 0.42734375 0.13125 0.059375
2 0.21875 0.39609375 0.128125 0.046875
2 0.5234375 0.37890625 0.1234375 0.05
2 0.33828125 0.31953125 0.140625 0.05
2 0.36640625 0.23359375 0.128125 0.053125
2 0.33046875 0.171875 0.125 0.059375