2 0.0796875 0.4921875 0.059375 0.159375
2 0.390625 0.53203125 0.05625 0.153125
2 0.5265625 0.6859375 0.053125 0.134375
2 0.2703125 0.41875 0.046875 0.1171875
2 0.45234375 0.4109375 0.04375 0.1203125
2 0.35078125 0.3921875 0.046875 0.125
2 0.14921875 0.43671875 0.053125 0.1171875
2 0.23046875 0.2953125 0.046875 0.1109375
2 0.32890625 0.24609375 0.046875 0.1109375
2 0.43046875 0.275 0.04375 0.1078125
2 0.35078125 0.175 0.05 0.0984375
2 0.46640625 0.17109375 0.0375 0.1203125
2 0.503125 0.3 0.05 0.125
2 0.57265625 0.33359375 0.059375 0.13125
2 0.60390625 0.21875 0.046875 0.128125
2 0.62109375 0.5234375 0.05 0.1234375
2 0.68046875 0.33828125 0.05 0.140625
2 0.76640625 0.36640625 0.053125 0.128125
2 0.828125 0.33046875 0.059375 0.125