1 0.534375 0.59453125 0.1 0.05625
1 0.48125 0.5359375 0.06875 0.021875
1 0.46328125 0.4828125 0.0734375 0.03125
1 0.58125 0.446875 0.109375 0.05625
1 0.43984375 0.3640625 0.078125 0.040625
1 0.49765625 0.26640625 0.078125 0.040625
1 0.60234375 0.2734375 0.1 0.05
1 0.46015625 0.03046875 0.1625 0.053125
1 0.4734375 0.92421875 0.1578125 0.0984375
1 0.4265625 0.73359375 0.053125 0.0265625
1 0.365625 0.67890625 0.0578125 0.021875
1 0.3578125 0.63046875 0.0421875 0.021875
1 0.42890625 0.6109375 0.0578125 0.0375
1 0.4921875 0.6625 0.046875 0.040625
1 0.42109375 0.7921875 0.0734375 0.03125
1 0.41328125 0.31328125 0.046875 0.021875
1 0.53125 0.2109375 0.084375 0.0453125
1 0.43125 0.4359375 0.053125 0.034375
1 0.34765625 0.39453125 0.053125 0.0265625