1 0.40546875 0.534375 0.05625 0.1
1 0.4640625 0.48125 0.021875 0.06875
1 0.5171875 0.46328125 0.03125 0.0734375
1 0.553125 0.58125 0.05625 0.109375
1 0.6359375 0.43984375 0.040625 0.078125
1 0.73359375 0.49765625 0.040625 0.078125
1 0.7265625 0.60234375 0.05 0.1
1 0.96953125 0.46015625 0.053125 0.1625
1 0.07578125 0.4734375 0.0984375 0.1578125
1 0.26640625 0.4265625 0.0265625 0.053125
1 0.32109375 0.365625 0.021875 0.0578125
1 0.36953125 0.3578125 0.021875 0.0421875
1 0.3890625 0.42890625 0.0375 0.0578125
1 0.3375 0.4921875 0.040625 0.046875
1 0.2078125 0.42109375 0.03125 0.0734375
1 0.68671875 0.41328125 0.021875 0.046875
1 0.7890625 0.53125 0.0453125 0.084375
1 0.5640625 0.43125 0.034375 0.053125
1 0.60546875 0.34765625 0.0265625 0.053125