1 0.6129807692307693 0.49038461538461536 0.04807692307692308 0.09615384615384616
1 0.40625 0.4879807692307692 0.037259615384615384 0.08052884615384616
1 0.8293269230769231 0.375 0.04567307692307692 0.07692307692307693
1 0.6838942307692307 0.25600961538461536 0.02283653846153846 0.07211538461538461
1 0.1346153846153846 0.4495192307692308 0.04326923076923077 0.07451923076923077
1 0.3870192307692308 0.2668269230769231 0.037259615384615384 0.06971153846153846
1 0.30528846153846156 0.27884615384615385 0.055288461538461536 0.07692307692307693
1 0.054086538461538464 0.28725961538461536 0.04447115384615385 0.06129807692307692
1 0.11778846153846154 0.09975961538461539 0.04567307692307692 0.09495192307692307
1 0.9194711538461539 0.45552884615384615 0.04326923076923077 0.09134615384615384
1 0.5300480769230769 0.18509615384615385 0.04447115384615385 0.07692307692307693
1 0.2956730769230769 0.09615384615384616 0.04326923076923077 0.06129807692307692