2 0.278125 0.165625 0.4890625 0.18125
2 0.30859375 0.63828125 0.15 0.0625
2 0.31796875 0.909375 0.103125 0.0359375
2 0.3234375 0.94765625 0.06875 0.0265625
2 0.3390625 0.58046875 0.128125 0.05
2 0.34140625 0.7234375 0.19375 0.084375
2 0.378125 0.509375 0.0890625 0.034375
2 0.4109375 0.334375 0.10625 0.053125
2 0.4109375 0.46640625 0.121875 0.046875
2 0.45546875 0.43515625 0.15 0.053125
2 0.4859375 0.25 0.25 0.0984375
2 0.69296875 0.33671875 0.2140625 0.1046875
2 0.2125 0.29296875 0.08125 0.040625