2 0.165625 0.278125 0.18125 0.4890625
2 0.63828125 0.30859375 0.0625 0.15
2 0.909375 0.31796875 0.034375 0.103125
2 0.94765625 0.3234375 0.0265625 0.06875
2 0.58046875 0.3390625 0.05 0.128125
2 0.7234375 0.34140625 0.084375 0.19375
2 0.509375 0.378125 0.034375 0.0890625
2 0.334375 0.4109375 0.053125 0.10625
2 0.46640625 0.4109375 0.046875 0.121875
2 0.43515625 0.45546875 0.053125 0.15
2 0.25 0.4859375 0.0984375 0.25
2 0.33671875 0.69296875 0.1046875 0.2140625
2 0.29296875 0.2125 0.040625 0.08125