2 0.6634615384615384 0.6935096153846154 0.1045673076923077 0.21394230769230768
2 0.8341346153846154 0.2776442307692308 0.18028846153846154 0.4891826923076923
2 0.2764423076923077 0.34134615384615385 0.0829326923076923 0.19471153846153846
2 0.5649038461538461 0.45552884615384615 0.052884615384615384 0.1502403846153846
2 0.75 0.4855769230769231 0.0985576923076923 0.25
2 0.6658653846153846 0.4110576923076923 0.054086538461538464 0.10576923076923077
2 0.7067307692307693 0.2127403846153846 0.039663461538461536 0.08052884615384616
2 0.36177884615384615 0.3088942307692308 0.06370192307692307 0.1502403846153846
2 0.41947115384615385 0.3389423076923077 0.04927884615384615 0.12740384615384615
2 0.5336538461538461 0.4110576923076923 0.046875 0.12259615384615384
2 0.49038461538461536 0.37740384615384615 0.03365384615384615 0.0889423076923077
2 0.09014423076923077 0.31850961538461536 0.036057692307692304 0.10336538461538461