1 0.83515625 0.6078125 0.096875 0.175
1 0.66015625 0.50078125 0.0625 0.15625
1 0.4296875 0.3984375 0.0625 0.1375
1 0.58046875 0.29609375 0.05 0.13125
1 0.76328125 0.134375 0.0359375 0.10625
1 0.73515625 0.0890625 0.034375 0.0828125
1 0.59921875 0.02421875 0.0265625 0.0484375
1 0.54375 0.05703125 0.025 0.0515625
1 0.45625 0.2328125 0.05 0.11875
1 0.34453125 0.228125 0.05625 0.13125
2 0.25078125 0.12421875 0.034375 0.0625
1 0.44453125 0.0671875 0.03125 0.078125
1 0.3390625 0.1 0.0375 0.08125
1 0.1859375 0.14609375 0.03125 0.0984375
1 0.1484375 0.04140625 0.03125 0.071875
1 0.25625 0.03671875 0.028125 0.0453125
1 0.21015625 0.034375 0.025 0.0609375
2 0.29765625 0.12734375 0.028125 0.0609375
1 0.09609375 0.0640625 0.046875 0.05625