1 0.8353365384615384 0.6081730769230769 0.09735576923076923 0.17548076923076922
1 0.6598557692307693 0.5012019230769231 0.06370192307692307 0.15625
1 0.43028846153846156 0.39783653846153844 0.0625 0.13581730769230768
1 0.5805288461538461 0.296875 0.05048076923076923 0.1310096153846154
1 0.7632211538461539 0.1346153846153846 0.036057692307692304 0.10697115384615384
1 0.7355769230769231 0.0889423076923077 0.03485576923076923 0.0829326923076923
1 0.5997596153846154 0.02403846153846154 0.025240384615384616 0.046875
1 0.5432692307692307 0.057692307692307696 0.02403846153846154 0.051682692307692304
1 0.45552884615384615 0.23317307692307693 0.04927884615384615 0.11899038461538461
1 0.3449519230769231 0.2283653846153846 0.055288461538461536 0.13221153846153846
2 0.25 0.125 0.03485576923076923 0.06370192307692307
1 0.44471153846153844 0.0673076923076923 0.030048076923076924 0.07932692307692307
1 0.3389423076923077 0.09975961538461539 0.038461538461538464 0.08052884615384616
1 0.18629807692307693 0.1466346153846154 0.030048076923076924 0.0985576923076923
1 0.14783653846153846 0.042067307692307696 0.030048076923076924 0.07091346153846154
1 0.25600961538461536 0.036057692307692304 0.028846153846153848 0.04567307692307692
1 0.21033653846153846 0.03485576923076923 0.026442307692307692 0.06129807692307692
2 0.296875 0.12740384615384615 0.028846153846153848 0.06129807692307692
1 0.09615384615384616 0.06370192307692307 0.04567307692307692 0.057692307692307696