1 0.6078125 0.16484375 0.175 0.096875
1 0.50078125 0.33984375 0.15625 0.0625
1 0.3984375 0.5703125 0.1375 0.0625
1 0.29609375 0.41953125 0.13125 0.05
1 0.134375 0.23671875 0.10625 0.0359375
1 0.0890625 0.26484375 0.0828125 0.034375
1 0.02421875 0.40078125 0.0484375 0.0265625
1 0.05703125 0.45625 0.0515625 0.025
1 0.2328125 0.54375 0.11875 0.05
1 0.228125 0.65546875 0.13125 0.05625
2 0.12421875 0.74921875 0.0625 0.0359375
1 0.0671875 0.55546875 0.078125 0.03125
1 0.1 0.6609375 0.08125 0.0390625
1 0.14609375 0.8140625 0.0984375 0.03125
1 0.04140625 0.8515625 0.071875 0.03125
1 0.03671875 0.74375 0.0453125 0.028125
1 0.034375 0.78984375 0.0609375 0.025
2 0.12734375 0.70234375 0.0609375 0.028125
1 0.0640625 0.90390625 0.05625 0.046875