1 0.3921875 0.83515625 0.175 0.096875
1 0.49921875 0.66015625 0.15625 0.0625
1 0.6015625 0.4296875 0.1375 0.0625
1 0.70390625 0.58046875 0.13125 0.05
1 0.865625 0.76328125 0.10625 0.0359375
1 0.9109375 0.73515625 0.0828125 0.034375
1 0.975 0.6 0.046875 0.028125
1 0.94296875 0.54375 0.0515625 0.025
1 0.7671875 0.45625 0.11875 0.05
1 0.771875 0.34453125 0.13125 0.05625
2 0.87578125 0.25078125 0.0625 0.034375
1 0.9328125 0.44453125 0.078125 0.03125
1 0.9 0.3390625 0.08125 0.0375
1 0.85390625 0.1859375 0.0984375 0.03125
1 0.95859375 0.1484375 0.071875 0.03125
1 0.96328125 0.25625 0.0453125 0.028125
1 0.965625 0.21015625 0.0609375 0.025
2 0.87265625 0.29765625 0.0609375 0.028125
1 0.9359375 0.09609375 0.05625 0.046875