2 0.8076923076923077 0.328125 0.054086538461538464 0.09975961538461539
2 0.7139423076923077 0.2920673076923077 0.06610576923076923 0.12259615384615384
2 0.6826923076923077 0.4675480769230769 0.06490384615384616 0.11899038461538461
2 0.6237980769230769 0.5420673076923077 0.078125 0.1141826923076923
2 0.5697115384615384 0.3245192307692308 0.0625 0.1141826923076923
2 0.36658653846153844 0.3449519230769231 0.07211538461538461 0.11057692307692307
2 0.31971153846153844 0.4987980769230769 0.06971153846153846 0.14903846153846154
2 0.38341346153846156 0.7536057692307693 0.0733173076923077 0.15264423076923078
2 0.4375 0.5865384615384616 0.08774038461538461 0.12259615384615384
2 0.4963942307692308 0.5612980769230769 0.04567307692307692 0.11057692307692307
2 0.5588942307692307 0.5805288461538461 0.06370192307692307 0.11057692307692307
2 0.5060096153846154 0.7848557692307693 0.03485576923076923 0.10336538461538461