1 0.67578125 0.090625 0.371875 0.125
1 0.4015625 0.49375 0.134375 0.06875
1 0.4609375 0.77265625 0.1234375 0.065625
1 0.32265625 0.93046875 0.121875 0.053125
1 0.1890625 0.821875 0.09375 0.0484375
1 0.1234375 0.67890625 0.1203125 0.0703125
2 0.19765625 0.5875 0.09375 0.046875
2 0.24609375 0.54765625 0.10625 0.06875
1 0.16875 0.3484375 0.140625 0.053125
1 0.15234375 0.25859375 0.103125 0.06875
1 0.05 0.321875 0.0875 0.0453125
2 0.05546875 0.41953125 0.0921875 0.05625
2 0.07265625 0.534375 0.125 0.04375