1 0.9098557692307693 0.6754807692307693 0.12379807692307693 0.3713942307692308
1 0.5060096153846154 0.4014423076923077 0.06850961538461539 0.1346153846153846
1 0.22716346153846154 0.46033653846153844 0.06610576923076923 0.12379807692307693
1 0.06971153846153846 0.3233173076923077 0.052884615384615384 0.12139423076923077
1 0.1778846153846154 0.18870192307692307 0.04807692307692308 0.09495192307692307
1 0.32091346153846156 0.12379807692307693 0.06971153846153846 0.1201923076923077
2 0.41225961538461536 0.19831730769230768 0.046875 0.09495192307692307
2 0.4519230769230769 0.24519230769230768 0.06850961538461539 0.10576923076923077
1 0.6514423076923077 0.16826923076923078 0.054086538461538464 0.140625
1 0.7415865384615384 0.15264423076923078 0.06850961538461539 0.10216346153846154
1 0.6790865384615384 0.05048076923076923 0.04447115384615385 0.08774038461538461
2 0.5805288461538461 0.055288461538461536 0.056490384615384616 0.09254807692307693
2 0.46634615384615385 0.0733173076923077 0.04326923076923077 0.12379807692307693