1 0.60546875 0.75390625 0.040625 0.075
1 0.32734375 0.7703125 0.034375 0.0734375
1 0.50703125 0.07734375 0.021875 0.028125
1 0.9390625 0.7734375 0.0328125 0.059375
1 0.45703125 0.78359375 0.025 0.059375
1 0.9078125 0.79375 0.034375 0.0625
1 0.64375 0.815625 0.034375 0.071875
1 0.546875 0.8640625 0.0421875 0.0640625
1 0.6375 0.08671875 0.021875 0.0328125
1 0.703125 0.0890625 0.0125 0.0265625
1 0.31484375 0.0890625 0.015625 0.03125
1 0.7546875 0.90546875 0.046875 0.06875
2 0.8359375 0.09140625 0.0140625 0.03125
1 0.4109375 0.93046875 0.0375 0.065625
1 0.24609375 0.93984375 0.034375 0.0640625
1 0.90234375 0.96640625 0.0390625 0.0625
1 0.97734375 0.0984375 0.021875 0.046875
1 0.5375 0.10234375 0.0203125 0.0359375
1 0.42890625 0.10234375 0.01875 0.034375
1 0.73046875 0.103125 0.021875 0.0359375
1 0.628125 0.01171875 0.01875 0.0234375
2 0.4015625 0.1125 0.01875 0.0296875
1 0.7671875 0.01171875 0.01875 0.021875
1 0.29453125 0.115625 0.025 0.0359375
2 0.675 0.13515625 0.015625 0.021875
1 0.49765625 0.1359375 0.01875 0.034375
2 0.7359375 0.14140625 0.0171875 0.034375
1 0.2625 0.14375 0.0171875 0.034375
2 0.64453125 0.16171875 0.0203125 0.0375
1 0.86875 0.16484375 0.0171875 0.0359375
1 0.82578125 0.165625 0.015625 0.028125
1 0.35859375 0.01640625 0.01875 0.0234375
1 0.45234375 0.0171875 0.015625 0.028125
1 0.95234375 0.18125 0.03125 0.03125
1 0.625 0.18984375 0.0171875 0.040625
1 0.0890625 0.1953125 0.0203125 0.04375
1 0.39765625 0.2 0.015625 0.025
1 0.71015625 0.20234375 0.021875 0.0390625
1 0.321875 0.2046875 0.0234375 0.0328125
1 0.85390625 0.2203125 0.01875 0.0375
1 0.50625 0.2328125 0.021875 0.040625
1 0.2421875 0.23359375 0.021875 0.0375
1 0.77578125 0.2375 0.01875 0.04375
2 0.3453125 0.23828125 0.028125 0.040625
2 0.209375 0.24609375 0.0171875 0.034375
2 0.95859375 0.02578125 0.0203125 0.025
2 0.30078125 0.265625 0.021875 0.04375
1 0.90625 0.2703125 0.01875 0.03125
1 0.22421875 0.2765625 0.01875 0.0390625
1 0.84921875 0.278125 0.015625 0.040625
2 0.2640625 0.28671875 0.0265625 0.0375
2 0.1390625 0.28671875 0.021875 0.040625
1 0.36796875 0.2890625 0.028125 0.04375
1 0.56015625 0.290625 0.01875 0.034375
1 0.6328125 0.296875 0.0171875 0.0390625
1 0.54453125 0.03046875 0.015625 0.028125
1 0.815625 0.30625 0.021875 0.0390625
1 0.9203125 0.31640625 0.0375 0.040625
1 0.87265625 0.32265625 0.028125 0.0453125
1 0.45625 0.325 0.0234375 0.04375
1 0.55703125 0.340625 0.021875 0.040625
1 0.48359375 0.3578125 0.03125 0.053125
1 0.34375 0.35859375 0.025 0.05
1 0.41953125 0.36484375 0.025 0.04375
1 0.8796875 0.36875 0.0265625 0.046875
1 0.13515625 0.3703125 0.03125 0.04375
1 0.1703125 0.37109375 0.0265625 0.04375
1 0.5375 0.371875 0.0234375 0.04375
1 0.66796875 0.3828125 0.021875 0.04375
1 0.6046875 0.38828125 0.0375 0.053125
1 0.86953125 0.0390625 0.0125 0.021875
1 0.2578125 0.39375 0.0296875 0.0515625
1 0.73125 0.4015625 0.021875 0.05
1 0.69375 0.41953125 0.025 0.0484375
1 0.90859375 0.42734375 0.03125 0.0515625
1 0.43125 0.428125 0.028125 0.0515625
1 0.1265625 0.04375 0.0171875 0.040625
2 0.290625 0.4484375 0.028125 0.0390625
1 0.4953125 0.44921875 0.03125 0.05
1 0.3640625 0.4578125 0.028125 0.053125
1 0.71953125 0.45859375 0.025 0.053125
1 0.0734375 0.46171875 0.0265625 0.05625
1 0.12890625 0.46796875 0.03125 0.05
1 0.89609375 0.47109375 0.028125 0.046875
1 0.0140625 0.471875 0.028125 0.0609375
1 0.99296875 0.4859375 0.0125 0.053125
1 0.59375 0.51640625 0.028125 0.05
1 0.94765625 0.53359375 0.0328125 0.0484375
1 0.45546875 0.53671875 0.028125 0.059375
1 0.41796875 0.0546875 0.0125 0.025
1 0.69765625 0.55078125 0.028125 0.059375
1 0.3515625 0.05546875 0.0171875 0.034375
1 0.290625 0.5578125 0.028125 0.05
2 0.11328125 0.56953125 0.028125 0.0484375
1 0.47265625 0.58203125 0.03125 0.053125
1 0.9421875 0.603125 0.034375 0.06875
1 0.571875 0.0609375 0.0234375 0.0375
1 0.2640625 0.60546875 0.028125 0.059375
1 0.3765625 0.61796875 0.0265625 0.053125
2 0.16328125 0.6296875 0.028125 0.0375
1 0.390625 0.06484375 0.0171875 0.028125
1 0.4734375 0.06484375 0.015625 0.0234375
1 0.665625 0.0671875 0.0171875 0.028125
1 0.81875 0.06875 0.015625 0.034375
1 0.3828125 0.69296875 0.028125 0.065625
1 0.078125 0.69765625 0.04375 0.05625
1 0.89375 0.06953125 0.0171875 0.028125
2 0.99296875 0.0703125 0.0125 0.021875
1 0.4078125 0.70390625 0.0296875 0.0609375