1 0.7536057692307693 0.9399038461538461 0.03485576923076923 0.06370192307692307
1 0.5889423076923077 0.9302884615384616 0.038461538461538464 0.06490384615384616
1 0.453125 0.8641826923076923 0.042067307692307696 0.06370192307692307
1 0.3557692307692308 0.8161057692307693 0.036057692307692304 0.07091346153846154
1 0.24519230769230768 0.9050480769230769 0.04567307692307692 0.06971153846153846
1 0.0985576923076923 0.9663461538461539 0.038461538461538464 0.0625
1 0.09254807692307693 0.7944711538461539 0.03365384615384615 0.06370192307692307
1 0.06129807692307692 0.7728365384615384 0.03245192307692308 0.05889423076923077
1 0.057692307692307696 0.6033653846153846 0.03365384615384615 0.06971153846153846
1 0.3016826923076923 0.5516826923076923 0.027644230769230768 0.06009615384615385
1 0.40625 0.5168269230769231 0.026442307692307692 0.04927884615384615
1 0.5276442307692307 0.5817307692307693 0.03245192307692308 0.052884615384615384
1 0.5925480769230769 0.7043269230769231 0.030048076923076924 0.06129807692307692
1 0.6177884615384616 0.6935096153846154 0.027644230769230768 0.06610576923076923
1 0.7355769230769231 0.6057692307692307 0.028846153846153848 0.06009615384615385
2 0.8365384615384616 0.6298076923076923 0.027644230769230768 0.038461538461538464
2 0.8870192307692307 0.5697115384615384 0.028846153846153848 0.04807692307692308
1 0.921875 0.6971153846153846 0.04326923076923077 0.056490384615384616
1 0.984375 0.4735576923076923 0.026442307692307692 0.0673076923076923
1 0.9266826923076923 0.46153846153846156 0.026442307692307692 0.056490384615384616
1 0.8713942307692307 0.4675480769230769 0.030048076923076924 0.051682692307692304
1 0.7427884615384616 0.39302884615384615 0.030048076923076924 0.051682692307692304
2 0.7091346153846154 0.4483173076923077 0.028846153846153848 0.038461538461538464
1 0.6358173076923077 0.4579326923076923 0.026442307692307692 0.054086538461538464
1 0.5685096153846154 0.42788461538461536 0.026442307692307692 0.051682692307692304
1 0.5444711538461539 0.5360576923076923 0.028846153846153848 0.05889423076923077
1 0.5048076923076923 0.4483173076923077 0.030048076923076924 0.05048076923076923
1 0.3954326923076923 0.38822115384615385 0.036057692307692304 0.052884615384615384
1 0.3317307692307692 0.38221153846153844 0.020432692307692308 0.04326923076923077
1 0.30649038461538464 0.41947115384615385 0.026442307692307692 0.04807692307692308
1 0.2800480769230769 0.4579326923076923 0.02403846153846154 0.052884615384615384
1 0.2692307692307692 0.4014423076923077 0.02283653846153846 0.04927884615384615
1 0.1201923076923077 0.36899038461538464 0.026442307692307692 0.04567307692307692
1 0.09134615384615384 0.4266826923076923 0.03245192307692308 0.051682692307692304
1 0.1045673076923077 0.47115384615384615 0.027644230769230768 0.046875
1 0.051682692307692304 0.5336538461538461 0.03245192307692308 0.04807692307692308
1 0.5168269230769231 0.3581730769230769 0.03125 0.052884615384615384
1 0.5432692307692307 0.3245192307692308 0.02403846153846154 0.04447115384615385
1 0.46274038461538464 0.3713942307692308 0.02403846153846154 0.04326923076923077
1 0.44350961538461536 0.34134615384615385 0.021634615384615384 0.040865384615384616
1 0.43990384615384615 0.29086538461538464 0.018028846153846152 0.03365384615384615
1 0.36658653846153844 0.296875 0.016826923076923076 0.038461538461538464
1 0.2247596153846154 0.23798076923076922 0.018028846153846152 0.04447115384615385
1 0.18509615384615385 0.30649038461538464 0.02283653846153846 0.038461538461538464
1 0.1502403846153846 0.2776442307692308 0.016826923076923076 0.040865384615384616
1 0.12740384615384615 0.32211538461538464 0.027644230769230768 0.04567307692307692
1 0.07932692307692307 0.3161057692307692 0.038461538461538464 0.040865384615384616
1 0.14543269230769232 0.21995192307692307 0.018028846153846152 0.037259615384615384
1 0.17427884615384615 0.1658653846153846 0.016826923076923076 0.027644230769230768
1 0.375 0.18990384615384615 0.018028846153846152 0.040865384615384616
1 0.49399038461538464 0.23317307692307693 0.02283653846153846 0.040865384615384616
1 0.6021634615384616 0.19951923076923078 0.015625 0.025240384615384616
1 0.6322115384615384 0.28846153846153844 0.028846153846153848 0.04447115384615385
2 0.6550480769230769 0.23798076923076922 0.026442307692307692 0.042067307692307696
2 0.8605769230769231 0.28725961538461536 0.02283653846153846 0.040865384615384616
1 0.8653846153846154 0.3701923076923077 0.03245192307692308 0.04447115384615385
1 0.8293269230769231 0.3713942307692308 0.026442307692307692 0.04326923076923077
1 0.7752403846153846 0.2764423076923077 0.019230769230769232 0.038461538461538464
2 0.7908653846153846 0.24639423076923078 0.016826923076923076 0.03485576923076923
1 0.9110576923076923 0.19471153846153846 0.020432692307692308 0.04326923076923077
1 0.7367788461538461 0.14423076923076922 0.018028846153846152 0.03485576923076923
1 0.7572115384615384 0.234375 0.021634615384615384 0.038461538461538464
1 0.6778846153846154 0.20432692307692307 0.02403846153846154 0.03365384615384615
2 0.6995192307692307 0.265625 0.021634615384615384 0.04326923076923077
2 0.7355769230769231 0.2860576923076923 0.026442307692307692 0.038461538461538464
1 0.7055288461538461 0.11538461538461539 0.02403846153846154 0.036057692307692304
1 0.6850961538461539 0.0889423076923077 0.016826923076923076 0.03125
1 0.6478365384615384 0.055288461538461536 0.018028846153846152 0.03365384615384615
1 0.609375 0.06490384615384616 0.016826923076923076 0.027644230769230768
2 0.5985576923076923 0.11298076923076923 0.018028846153846152 0.030048076923076924
1 0.5709134615384616 0.10216346153846154 0.018028846153846152 0.03365384615384615
1 0.5817307692307693 0.055288461538461536 0.01201923076923077 0.026442307692307692
1 0.6418269230769231 0.016826923076923076 0.019230769230769232 0.02283653846153846
1 0.8737980769230769 0.04326923076923077 0.018028846153846152 0.039663461538461536
1 0.5264423076923077 0.06490384615384616 0.016826923076923076 0.02403846153846154
1 0.5024038461538461 0.13581730769230768 0.019230769230769232 0.03485576923076923
1 0.46274038461538464 0.10216346153846154 0.020432692307692308 0.036057692307692304
1 0.5480769230769231 0.016826923076923076 0.015625 0.028846153846153848
1 0.42788461538461536 0.06129807692307692 0.02403846153846154 0.038461538461538464
1 0.45552884615384615 0.030048076923076924 0.014423076923076924 0.027644230769230768
1 0.49278846153846156 0.07692307692307693 0.020432692307692308 0.027644230769230768
1 0.33413461538461536 0.0673076923076923 0.018028846153846152 0.028846153846153848
1 0.296875 0.0889423076923077 0.01201923076923077 0.026442307692307692
2 0.32572115384615385 0.1346153846153846 0.014423076923076924 0.020432692307692308
2 0.2644230769230769 0.14182692307692307 0.018028846153846152 0.03365384615384615
1 0.28966346153846156 0.20192307692307693 0.021634615384615384 0.038461538461538464
1 0.1310096153846154 0.16466346153846154 0.016826923076923076 0.036057692307692304
1 0.04807692307692308 0.1814903846153846 0.03125 0.03125
1 0.02283653846153846 0.0985576923076923 0.021634615384615384 0.04807692307692308
1 0.10576923076923077 0.06971153846153846 0.018028846153846152 0.028846153846153848
1 0.1310096153846154 0.038461538461538464 0.01201923076923077 0.021634615384615384
1 0.1814903846153846 0.06850961538461539 0.014423076923076924 0.03485576923076923
2 0.16346153846153846 0.09134615384615384 0.014423076923076924 0.03125
1 0.2692307692307692 0.10336538461538461 0.02283653846153846 0.036057692307692304
1 0.36177884615384615 0.08653846153846154 0.021634615384615384 0.03365384615384615
2 0.3557692307692308 0.16105769230769232 0.020432692307692308 0.037259615384615384
1 0.3701923076923077 0.01201923076923077 0.019230769230769232 0.02403846153846154
1 0.23317307692307693 0.01201923076923077 0.019230769230769232 0.021634615384615384
2 0.042067307692307696 0.026442307692307692 0.020432692307692308 0.026442307692307692
2 0.007211538461538462 0.06971153846153846 0.013221153846153846 0.02283653846153846
1 0.09375 0.2704326923076923 0.019230769230769232 0.03125
1 0.007211538461538462 0.4855769230769231 0.013221153846153846 0.052884615384615384
1 0.7091346153846154 0.5576923076923077 0.026442307692307692 0.051682692307692304
1 0.5432692307692307 0.7836538461538461 0.02403846153846154 0.06009615384615385
1 0.6237980769230769 0.6177884615384616 0.026442307692307692 0.052884615384615384