1 0.24609375 0.39453125 0.075 0.040625
1 0.2296875 0.67265625 0.0734375 0.034375
1 0.92265625 0.49296875 0.028125 0.021875
1 0.2265625 0.0609375 0.059375 0.0328125
1 0.21640625 0.54296875 0.059375 0.025
1 0.20625 0.0921875 0.0625 0.034375
1 0.184375 0.35625 0.071875 0.034375
1 0.1359375 0.453125 0.0640625 0.0421875
1 0.91328125 0.3625 0.0328125 0.021875
1 0.9109375 0.296875 0.0265625 0.0125
1 0.9109375 0.68515625 0.03125 0.015625
1 0.09453125 0.2453125 0.06875 0.046875
2 0.90859375 0.1640625 0.03125 0.0140625
1 0.06953125 0.5890625 0.065625 0.0375
1 0.06015625 0.75390625 0.0640625 0.034375
1 0.03359375 0.09765625 0.0625 0.0390625
1 0.9015625 0.02265625 0.046875 0.021875
1 0.89765625 0.4625 0.0359375 0.0203125
1 0.89765625 0.57109375 0.034375 0.01875
1 0.896875 0.26953125 0.0359375 0.021875
1 0.9875 0.37265625 0.021875 0.0203125
2 0.8875 0.5984375 0.0296875 0.01875
1 0.98828125 0.2328125 0.021875 0.01875
1 0.884375 0.70546875 0.0359375 0.025
2 0.86484375 0.325 0.021875 0.015625
1 0.8640625 0.50234375 0.034375 0.01875
2 0.85859375 0.2640625 0.034375 0.0171875
1 0.85625 0.7375 0.034375 0.0171875
2 0.83828125 0.35546875 0.0375 0.0203125
1 0.83515625 0.13125 0.0359375 0.0171875
1 0.834375 0.17421875 0.028125 0.015625
1 0.98359375 0.64140625 0.0234375 0.01875
1 0.9828125 0.54765625 0.028125 0.015625
1 0.81875 0.04765625 0.03125 0.03125
1 0.81015625 0.375 0.040625 0.0171875
1 0.8046875 0.9109375 0.04375 0.0203125
1 0.8 0.60234375 0.025 0.015625
1 0.79765625 0.28984375 0.0390625 0.021875
1 0.7953125 0.678125 0.0328125 0.0234375
1 0.7796875 0.14609375 0.0375 0.01875
1 0.7671875 0.49375 0.040625 0.021875
1 0.76640625 0.7578125 0.0375 0.021875
1 0.7625 0.22421875 0.04375 0.01875
2 0.76171875 0.6546875 0.040625 0.028125
2 0.75390625 0.790625 0.034375 0.0171875
2 0.97421875 0.04140625 0.025 0.0203125
2 0.734375 0.69921875 0.04375 0.021875
1 0.7296875 0.09375 0.03125 0.01875
1 0.7234375 0.77578125 0.0390625 0.01875
1 0.721875 0.15078125 0.040625 0.015625
2 0.71328125 0.7359375 0.0375 0.0265625
2 0.71328125 0.8609375 0.040625 0.021875
1 0.7109375 0.63203125 0.04375 0.028125
1 0.709375 0.43984375 0.034375 0.01875
1 0.703125 0.3671875 0.0390625 0.0171875
1 0.96953125 0.45546875 0.028125 0.015625
1 0.69375 0.184375 0.0390625 0.021875
1 0.68359375 0.0796875 0.040625 0.0375
1 0.67734375 0.12734375 0.0453125 0.028125
1 0.675 0.54375 0.04375 0.0234375
1 0.659375 0.44296875 0.040625 0.021875
1 0.6421875 0.51640625 0.053125 0.03125
1 0.64140625 0.65625 0.05 0.025
1 0.63515625 0.58046875 0.04375 0.025
1 0.63125 0.1203125 0.046875 0.0265625
1 0.6296875 0.86484375 0.04375 0.03125
1 0.62890625 0.8296875 0.04375 0.0265625
1 0.628125 0.4625 0.04375 0.0234375
1 0.6171875 0.33203125 0.04375 0.021875
1 0.61171875 0.3953125 0.053125 0.0375
1 0.9609375 0.13046875 0.021875 0.0125
1 0.60625 0.7421875 0.0515625 0.0296875
1 0.5984375 0.26875 0.05 0.021875
1 0.58046875 0.30625 0.0484375 0.025
1 0.57265625 0.09140625 0.0515625 0.03125
1 0.571875 0.56875 0.0515625 0.028125
1 0.95625 0.8734375 0.040625 0.0171875
2 0.5515625 0.709375 0.0390625 0.028125
1 0.55078125 0.5046875 0.05 0.03125
1 0.5421875 0.6359375 0.053125 0.028125
1 0.54140625 0.28046875 0.053125 0.025
1 0.53828125 0.9265625 0.05625 0.0265625
1 0.53203125 0.87109375 0.05 0.03125
1 0.52890625 0.10390625 0.046875 0.028125
1 0.528125 0.98515625 0.0625 0.0265625
1 0.5140625 0.00703125 0.053125 0.0125
1 0.48359375 0.40625 0.05 0.028125
1 0.46640625 0.05234375 0.0484375 0.0328125
1 0.46328125 0.54453125 0.059375 0.028125
1 0.9453125 0.58203125 0.025 0.0125
1 0.44921875 0.30234375 0.059375 0.028125
1 0.94453125 0.6484375 0.034375 0.0171875
1 0.4421875 0.709375 0.05 0.028125
2 0.43046875 0.88671875 0.0484375 0.028125
1 0.41796875 0.52734375 0.053125 0.03125
1 0.396875 0.0578125 0.06875 0.034375
1 0.9390625 0.428125 0.0375 0.0234375
1 0.39453125 0.7359375 0.059375 0.028125
1 0.38203125 0.6234375 0.053125 0.0265625
2 0.3703125 0.83671875 0.0375 0.028125
1 0.93515625 0.609375 0.028125 0.0171875
1 0.93515625 0.5265625 0.0234375 0.015625
1 0.9328125 0.334375 0.028125 0.0171875
1 0.93125 0.18125 0.034375 0.015625
1 0.30703125 0.6171875 0.065625 0.028125
1 0.30234375 0.921875 0.05625 0.04375
1 0.93046875 0.10625 0.028125 0.0171875
2 0.9296875 0.00703125 0.021875 0.0125
1 0.29609375 0.5921875 0.0609375 0.0296875