1 0.25600961538461536 0.6947115384615384 0.08413461538461539 0.23317307692307693
1 0.09495192307692307 0.6971153846153846 0.08774038461538461 0.23317307692307693
1 0.5120192307692307 0.6899038461538461 0.0889423076923077 0.23076923076923078
1 0.6682692307692307 0.6790865384615384 0.11298076923076923 0.2920673076923077
1 0.8629807692307693 0.7163461538461539 0.0889423076923077 0.2283653846153846
1 0.9399038461538461 0.4338942307692308 0.08653846153846154 0.25
1 0.7800480769230769 0.4855769230769231 0.0829326923076923 0.23918269230769232
1 0.7824519230769231 0.25721153846153844 0.0985576923076923 0.18028846153846154
1 0.578125 0.21634615384615385 0.11899038461538461 0.2439903846153846
1 0.546875 0.44471153846153844 0.09375 0.20552884615384615
1 0.328125 0.47475961538461536 0.10336538461538461 0.21153846153846154
1 0.18870192307692307 0.3401442307692308 0.08774038461538461 0.20793269230769232