1 0.8509615384615384 0.5997596153846154 0.13221153846153846 0.33774038461538464
1 0.9471153846153846 0.7163461538461539 0.054086538461538464 0.18870192307692307
1 0.45913461538461536 0.6153846153846154 0.06610576923076923 0.15504807692307693
1 0.3954326923076923 0.4266826923076923 0.04567307692307692 0.14182692307692307
1 0.203125 0.42788461538461536 0.06490384615384616 0.13822115384615385
1 0.09134615384615384 0.5420673076923077 0.05048076923076923 0.09014423076923077
1 0.039663461538461536 0.4483173076923077 0.05048076923076923 0.08173076923076923
1 0.3233173076923077 0.46634615384615385 0.04447115384615385 0.07572115384615384
1 0.5901442307692307 0.46274038461538464 0.04567307692307692 0.09134615384615384
1 0.6862980769230769 0.4891826923076923 0.03365384615384615 0.1201923076923077
1 0.6394230769230769 0.40384615384615385 0.02403846153846154 0.052884615384615384
1 0.6177884615384616 0.36778846153846156 0.02403846153846154 0.057692307692307696
1 0.3233173076923077 0.35216346153846156 0.015625 0.039663461538461536
1 0.2608173076923077 0.3401442307692308 0.019230769230769232 0.04326923076923077
1 0.11538461538461539 0.37740384615384615 0.016826923076923076 0.037259615384615384
1 0.009615384615384616 0.35336538461538464 0.018028846153846152 0.039663461538461536
2 0.12980769230769232 0.3233173076923077 0.020432692307692308 0.03365384615384615
0 0.44471153846153844 0.37740384615384615 0.015625 0.03365384615384615
1 0.3545673076923077 0.42908653846153844 0.028846153846153848 0.06971153846153846