1 0.6 0.8515625 0.3375 0.1328125
1 0.71640625 0.946875 0.1875 0.0546875
1 0.615625 0.459375 0.15625 0.065625
1 0.4265625 0.3953125 0.1421875 0.046875
1 0.42734375 0.203125 0.1375 0.065625
1 0.54140625 0.09140625 0.090625 0.05
1 0.4484375 0.0390625 0.08125 0.05
1 0.465625 0.3234375 0.075 0.0453125
1 0.4625 0.58984375 0.0921875 0.046875
1 0.48984375 0.6859375 0.1203125 0.034375
1 0.4046875 0.63984375 0.053125 0.025
1 0.36796875 0.61796875 0.0578125 0.025
1 0.3515625 0.32265625 0.040625 0.015625
1 0.33984375 0.26015625 0.04375 0.01875
1 0.37734375 0.115625 0.0375 0.015625
1 0.353125 0.009375 0.040625 0.0171875
2 0.3234375 0.1296875 0.034375 0.0203125
0 0.37734375 0.44453125 0.034375 0.015625
1 0.42890625 0.35390625 0.06875 0.028125