1 0.14903846153846154 0.5997596153846154 0.13221153846153846 0.33774038461538464
1 0.052884615384615384 0.7163461538461539 0.054086538461538464 0.18870192307692307
1 0.5408653846153846 0.6153846153846154 0.06610576923076923 0.15504807692307693
1 0.6045673076923077 0.4266826923076923 0.04567307692307692 0.14182692307692307
1 0.796875 0.42788461538461536 0.06490384615384616 0.13822115384615385
1 0.9086538461538461 0.5420673076923077 0.05048076923076923 0.09014423076923077
1 0.9603365384615384 0.4483173076923077 0.05048076923076923 0.08173076923076923
1 0.6766826923076923 0.46634615384615385 0.04447115384615385 0.07572115384615384
1 0.4098557692307692 0.46274038461538464 0.04567307692307692 0.09134615384615384
1 0.3137019230769231 0.4891826923076923 0.03365384615384615 0.1201923076923077
1 0.3605769230769231 0.40384615384615385 0.02403846153846154 0.052884615384615384
1 0.38221153846153844 0.36778846153846156 0.02403846153846154 0.057692307692307696
1 0.6766826923076923 0.35216346153846156 0.015625 0.039663461538461536
1 0.7391826923076923 0.3401442307692308 0.019230769230769232 0.04326923076923077
1 0.8846153846153846 0.37740384615384615 0.016826923076923076 0.037259615384615384
1 0.9903846153846154 0.35336538461538464 0.018028846153846152 0.039663461538461536
2 0.8701923076923077 0.3233173076923077 0.020432692307692308 0.03365384615384615
0 0.5552884615384616 0.37740384615384615 0.015625 0.03365384615384615
1 0.6454326923076923 0.42908653846153844 0.028846153846153848 0.06971153846153846