2 0.63203125 0.78671875 0.0546875 0.0578125
2 0.62265625 0.5515625 0.0375 0.0375
2 0.65078125 0.4640625 0.040625 0.0359375
2 0.62734375 0.2828125 0.046875 0.05
2 0.57265625 0.2625 0.0375 0.0265625
2 0.61171875 0.221875 0.028125 0.034375
2 0.6328125 0.9390625 0.028125 0.0390625
2 0.609375 0.86953125 0.025 0.0265625
2 0.60390625 0.73046875 0.0359375 0.0375
2 0.63203125 0.65625 0.0296875 0.034375
2 0.609375 0.67265625 0.0296875 0.025
2 0.60625 0.4875 0.028125 0.025
2 0.61171875 0.4078125 0.03125 0.0328125
2 0.60703125 0.44765625 0.034375 0.034375
0 0.62109375 0.0421875 0.040625 0.046875