2 0.7872596153846154 0.6322115384615384 0.057692307692307696 0.054086538461538464
2 0.5516826923076923 0.6225961538461539 0.038461538461538464 0.038461538461538464
2 0.4639423076923077 0.6514423076923077 0.036057692307692304 0.040865384615384616
2 0.2824519230769231 0.6274038461538461 0.04927884615384615 0.04807692307692308
2 0.2620192307692308 0.5721153846153846 0.026442307692307692 0.038461538461538464
2 0.22235576923076922 0.6117788461538461 0.03365384615384615 0.028846153846153848
2 0.9387019230769231 0.6322115384615384 0.038461538461538464 0.028846153846153848
2 0.8689903846153846 0.609375 0.026442307692307692 0.02403846153846154
2 0.7307692307692307 0.6033653846153846 0.037259615384615384 0.036057692307692304
2 0.65625 0.6322115384615384 0.03365384615384615 0.030048076923076924
2 0.6730769230769231 0.609375 0.025240384615384616 0.030048076923076924
2 0.4879807692307692 0.6057692307692307 0.025240384615384616 0.027644230769230768
2 0.4074519230769231 0.6117788461538461 0.03245192307692308 0.03125
2 0.44711538461538464 0.6069711538461539 0.03365384615384615 0.03365384615384615
0 0.042067307692307696 0.6213942307692307 0.04567307692307692 0.039663461538461536