1 0.6796875 0.740625 0.084375 0.046875
1 0.6640625 0.90234375 0.08125 0.0375
1 0.63671875 0.22890625 0.06875 0.04375
1 0.621875 0.06015625 0.065625 0.046875
1 0.6125 0.58125 0.0859375 0.0421875
1 0.59765625 0.8484375 0.090625 0.0734375
1 0.5828125 0.659375 0.0625 0.0484375
0 0.5640625 0.14609375 0.0625 0.05
1 0.53359375 0.31953125 0.071875 0.034375
2 0.53203125 0.278125 0.09375 0.040625
1 0.51875 0.7203125 0.08125 0.0328125
1 0.48984375 0.9671875 0.0890625 0.046875
1 0.471875 0.45703125 0.06875 0.0375
2 0.44453125 0.11953125 0.0796875 0.0625
1 0.409375 0.228125 0.103125 0.05625
1 0.359375 0.63203125 0.128125 0.084375
0 0.2890625 0.884375 0.134375 0.084375
1 0.26640625 0.03671875 0.165625 0.06875
1 0.19140625 0.528125 0.15 0.1
1 0.16953125 0.3734375 0.225 0.1546875