0 0.8846153846153846 0.7103365384615384 0.08413461538461539 0.1346153846153846
0 0.14783653846153846 0.421875 0.05048076923076923 0.0625
1 0.5276442307692307 0.8088942307692307 0.09975961538461539 0.1502403846153846
1 0.8485576923076923 0.4026442307692308 0.0733173076923077 0.09134615384615384
1 0.9026442307692307 0.33653846153846156 0.037259615384615384 0.08173076923076923
1 0.9675480769230769 0.5108173076923077 0.046875 0.0889423076923077
1 0.2283653846153846 0.5901442307692307 0.056490384615384616 0.10336538461538461
1 0.037259615384615384 0.7331730769230769 0.06971153846153846 0.16466346153846154
1 0.06009615384615385 0.37740384615384615 0.046875 0.06610576923076923
1 0.22956730769230768 0.3629807692307692 0.04326923076923077 0.0673076923076923
1 0.31971153846153844 0.46634615384615385 0.03365384615384615 0.07211538461538461
1 0.4567307692307692 0.5276442307692307 0.037259615384615384 0.06971153846153846
1 0.6322115384615384 0.640625 0.0829326923076923 0.12740384615384615
1 0.7403846153846154 0.32091346153846156 0.04567307692307692 0.08533653846153846
1 0.7199519230769231 0.4807692307692308 0.03245192307692308 0.08173076923076923
1 0.5817307692307693 0.38822115384615385 0.042067307692307696 0.08653846153846154
1 0.6586538461538461 0.4170673076923077 0.04807692307692308 0.06129807692307692
1 0.3737980769230769 0.8305288461538461 0.15504807692307693 0.2247596153846154
2 0.2776442307692308 0.4675480769230769 0.040865384615384616 0.09254807692307693
2 0.11899038461538461 0.5552884615384616 0.0625 0.07932692307692307