1 0.259375 0.3203125 0.046875 0.084375
1 0.09765625 0.3359375 0.0375 0.08125
1 0.77109375 0.36328125 0.04375 0.06875
1 0.93984375 0.378125 0.046875 0.065625
1 0.41875 0.3875 0.0421875 0.0859375
1 0.1515625 0.40234375 0.0734375 0.090625
1 0.340625 0.4171875 0.0484375 0.0625
0 0.85390625 0.4359375 0.05 0.0625
1 0.68046875 0.46640625 0.034375 0.071875
2 0.721875 0.46796875 0.040625 0.09375
1 0.2796875 0.48125 0.0328125 0.08125
1 0.0328125 0.51015625 0.046875 0.0890625
1 0.54296875 0.528125 0.0375 0.06875
2 0.88046875 0.55546875 0.0625 0.0796875
1 0.771875 0.590625 0.05625 0.103125
1 0.36796875 0.640625 0.084375 0.128125
0 0.115625 0.7109375 0.084375 0.134375
1 0.96328125 0.73359375 0.06875 0.165625
1 0.471875 0.80859375 0.1 0.15
1 0.6265625 0.83046875 0.1546875 0.225