1 0.3203125 0.259375 0.084375 0.046875
1 0.3359375 0.09765625 0.08125 0.0375
1 0.36328125 0.77109375 0.06875 0.04375
1 0.378125 0.93984375 0.065625 0.046875
1 0.3875 0.41875 0.0859375 0.0421875
1 0.40234375 0.1515625 0.090625 0.0734375
1 0.4171875 0.340625 0.0625 0.0484375
0 0.4359375 0.85390625 0.0625 0.05
1 0.46640625 0.68046875 0.071875 0.034375
2 0.46796875 0.721875 0.09375 0.040625
1 0.48125 0.2796875 0.08125 0.0328125
1 0.51015625 0.0328125 0.0890625 0.046875
1 0.528125 0.54296875 0.06875 0.0375
2 0.55546875 0.88046875 0.0796875 0.0625
1 0.590625 0.771875 0.103125 0.05625
1 0.640625 0.36796875 0.128125 0.084375
0 0.7109375 0.115625 0.134375 0.084375
1 0.73359375 0.96328125 0.165625 0.0703125
1 0.80859375 0.471875 0.15 0.1
1 0.83046875 0.6265625 0.225 0.1546875