1 0.8125 0.578125 0.06009615384615385 0.09014423076923077
1 0.6117788461538461 0.4170673076923077 0.07451923076923077 0.11057692307692307
1 0.15985576923076922 0.23798076923076922 0.046875 0.1346153846153846
2 0.671875 0.15745192307692307 0.028846153846153848 0.08533653846153846
2 0.29447115384615385 0.19471153846153846 0.038461538461538464 0.11538461538461539
2 0.39302884615384615 0.36538461538461536 0.042067307692307696 0.1201923076923077
2 0.046875 0.10216346153846154 0.03365384615384615 0.10216346153846154
2 0.38100961538461536 0.09134615384615384 0.04447115384615385 0.09014423076923077
2 0.4879807692307692 0.14302884615384615 0.03245192307692308 0.08533653846153846
2 0.7632211538461539 0.37740384615384615 0.03125 0.09014423076923077
2 0.40384615384615385 0.1346153846153846 0.028846153846153848 0.08774038461538461