1 0.7487980769230769 0.8725961538461539 0.15144230769230768 0.25240384615384615
1 0.5444711538461539 0.3894230769230769 0.1045673076923077 0.24519230769230768
1 0.41346153846153844 0.49038461538461536 0.08173076923076923 0.19591346153846154
1 0.2620192307692308 0.5889423076923077 0.11057692307692307 0.21514423076923078
1 0.09975961538461539 0.6995192307692307 0.17307692307692307 0.3870192307692308
2 0.29927884615384615 0.35096153846153844 0.055288461538461536 0.16105769230769232
1 0.6382211538461539 0.3786057692307692 0.1045673076923077 0.22716346153846154
1 0.78125 0.39302884615384615 0.07572115384615384 0.17908653846153846
1 0.9615384615384616 0.41947115384615385 0.07451923076923077 0.19591346153846154
1 0.9194711538461539 0.17668269230769232 0.05889423076923077 0.12980769230769232
1 0.8617788461538461 0.203125 0.04447115384615385 0.09375
2 0.6706730769230769 0.13822115384615385 0.04447115384615385 0.11778846153846154
1 0.734375 0.08653846153846154 0.036057692307692304 0.08533653846153846
2 0.6069711538461539 0.12139423076923077 0.04447115384615385 0.10096153846153846
1 0.4411057692307692 0.09134615384615384 0.03245192307692308 0.0625