1 0.871875 0.25078125 0.253125 0.153125
1 0.3890625 0.4546875 0.2453125 0.103125
1 0.48984375 0.5859375 0.1953125 0.08125
1 0.5890625 0.7375 0.215625 0.1109375
1 0.7 0.90078125 0.3875 0.1734375
2 0.35078125 0.70078125 0.1625 0.0546875
1 0.378125 0.36171875 0.228125 0.103125
1 0.39375 0.21875 0.1796875 0.075
1 0.41953125 0.03828125 0.1953125 0.075
1 0.1765625 0.08046875 0.1296875 0.059375
1 0.203125 0.13828125 0.09375 0.04375
2 0.13828125 0.32890625 0.1171875 0.04375
1 0.08671875 0.265625 0.084375 0.0359375
2 0.121875 0.39375 0.1015625 0.0453125
1 0.09140625 0.55859375 0.0625 0.0328125