1 0.871875 0.74921875 0.253125 0.153125
1 0.3890625 0.5453125 0.2453125 0.103125
1 0.48984375 0.4140625 0.1953125 0.08125
1 0.5890625 0.2625 0.215625 0.1109375
1 0.7 0.09921875 0.3875 0.171875
2 0.35078125 0.29921875 0.1625 0.0546875
1 0.378125 0.63828125 0.228125 0.103125
1 0.39375 0.78125 0.1796875 0.0765625
1 0.41953125 0.96171875 0.1953125 0.075
1 0.1765625 0.91953125 0.1296875 0.059375
1 0.203125 0.86171875 0.09375 0.04375
2 0.13828125 0.67109375 0.1171875 0.04375
1 0.08671875 0.734375 0.084375 0.0359375
2 0.121875 0.60625 0.1015625 0.0453125
1 0.09140625 0.44140625 0.0625 0.0328125