1 0.74921875 0.871875 0.153125 0.253125
1 0.5453125 0.3890625 0.103125 0.2453125
1 0.4140625 0.48984375 0.08125 0.1953125
1 0.2625 0.5890625 0.1109375 0.215625
1 0.09921875 0.7 0.171875 0.3875
2 0.29921875 0.35078125 0.0546875 0.1625
1 0.63828125 0.378125 0.103125 0.228125
1 0.78125 0.39375 0.075 0.1796875
1 0.96171875 0.41953125 0.075 0.1953125
1 0.91953125 0.1765625 0.059375 0.1296875
1 0.86171875 0.203125 0.04375 0.09375
2 0.67109375 0.13828125 0.04375 0.1171875
1 0.734375 0.08671875 0.0359375 0.084375
2 0.60625 0.121875 0.0453125 0.1015625
1 0.44140625 0.09140625 0.0328125 0.0625