2 0.24375 0.21640625 0.06875 0.0453125
2 0.2609375 0.1234375 0.0734375 0.0390625
2 0.278125 0.4234375 0.065625 0.028125
1 0.30390625 0.040625 0.071875 0.021875
1 0.31875 0.6515625 0.08125 0.0375
1 0.3234375 0.7828125 0.075 0.034375
1 0.33046875 0.1734375 0.065625 0.0375
1 0.3328125 0.26640625 0.071875 0.0390625
1 0.3359375 0.52890625 0.0640625 0.034375
2 0.37578125 0.01015625 0.1015625 0.0171875
2 0.3890625 0.57421875 0.071875 0.028125
2 0.39296875 0.134375 0.04375 0.03125
2 0.39375 0.82578125 0.05625 0.0328125
2 0.41875 0.696875 0.059375 0.0375
2 0.45546875 0.328125 0.0609375 0.0328125
2 0.45546875 0.625 0.075 0.034375
2 0.4578125 0.2109375 0.075 0.028125
2 0.4703125 0.13203125 0.078125 0.0328125
2 0.48671875 0.9 0.06875 0.025
2 0.4890625 0.42109375 0.059375 0.0359375
2 0.49296875 0.01171875 0.05625 0.021875
2 0.52734375 0.084375 0.06875 0.0359375
2 0.528125 0.3515625 0.071875 0.0328125
2 0.5328125 0.77734375 0.05625 0.0390625
2 0.53984375 0.2015625 0.0515625 0.0328125
2 0.55078125 0.2890625 0.059375 0.028125
2 0.55078125 0.82109375 0.0734375 0.028125
2 0.5640625 0.93828125 0.08125 0.0421875
2 0.5765625 0.6875 0.06875 0.028125
2 0.59765625 0.0671875 0.059375 0.034375
2 0.60234375 0.45234375 0.059375 0.0328125
2 0.60859375 0.25390625 0.075 0.021875
2 0.61328125 0.64453125 0.065625 0.028125
2 0.61640625 0.3671875 0.0734375 0.0328125
2 0.6578125 0.77421875 0.0609375 0.0328125
2 0.67109375 0.940625 0.0640625 0.0375
2 0.6765625 0.10703125 0.0515625 0.025
2 0.6859375 0.45703125 0.071875 0.0359375
2 0.69140625 0.28671875 0.05625 0.0375
2 0.6921875 0.1796875 0.0640625 0.04375
2 0.7453125 0.98125 0.05625 0.034375
2 0.74609375 0.7546875 0.053125 0.025
2 0.7546875 0.0171875 0.071875 0.03125
2 0.7546875 0.8640625 0.046875 0.03125
2 0.75625 0.10078125 0.06875 0.0328125
2 0.76328125 0.4171875 0.053125 0.034375
2 0.79375 0.33046875 0.053125 0.028125
2 0.81640625 0.225 0.065625 0.025
2 0.81875 0.04140625 0.0609375 0.034375
2 0.8265625 0.14375 0.053125 0.03125
2 0.83046875 0.9265625 0.065625 0.0359375
2 0.83125 0.428125 0.078125 0.034375
2 0.83359375 0.27421875 0.0734375 0.0375
2 0.8375 0.83125 0.1 0.0421875
2 0.83828125 0.19453125 0.06875 0.0375
2 0.0859375 0.134375 0.06875 0.034375
2 0.88125 0.3453125 0.059375 0.025
2 0.88828125 0.246875 0.06875 0.025
2 0.89609375 0.75546875 0.075 0.028125
2 0.90703125 0.88046875 0.059375 0.040625
2 0.91015625 0.034375 0.0515625 0.028125
2 0.91484375 0.18203125 0.09375 0.0328125
2 0.91953125 0.084375 0.071875 0.0390625
2 0.9390625 0.45546875 0.046875 0.0328125
2 0.9421875 0.9859375 0.078125 0.025
2 0.9578125 0.9421875 0.08125 0.034375
2 0.96953125 0.01875 0.05625 0.03125
2 0.9703125 0.30859375 0.053125 0.028125
2 0.975 0.76875 0.04375 0.05625
2 0.9859375 0.246875 0.0234375 0.0359375
2 0.09921875 0.40078125 0.0609375 0.03125
2 0.1 0.27578125 0.06875 0.028125
2 0.159375 0.11171875 0.04375 0.028125
2 0.1671875 0.20234375 0.065625 0.03125
2 0.22734375 0.4484375 0.05 0.021875
2 0.23125 0.33046875 0.075 0.0359375