2 0.78359375 0.24375 0.0453125 0.06875
2 0.8765625 0.2609375 0.0390625 0.0734375
2 0.5765625 0.278125 0.028125 0.065625
1 0.959375 0.30390625 0.021875 0.071875
1 0.3484375 0.31875 0.0375 0.08125
1 0.2171875 0.3234375 0.034375 0.075
1 0.8265625 0.33046875 0.0375 0.065625
1 0.73359375 0.3328125 0.0390625 0.071875
1 0.47109375 0.3359375 0.034375 0.0640625
2 0.98984375 0.37578125 0.0171875 0.1015625
2 0.42578125 0.3890625 0.028125 0.071875
2 0.865625 0.39296875 0.03125 0.04375
2 0.17421875 0.39375 0.0328125 0.05625
2 0.303125 0.41875 0.0375 0.059375
2 0.671875 0.45546875 0.0328125 0.0609375
2 0.375 0.45546875 0.034375 0.075
2 0.7890625 0.4578125 0.028125 0.075
2 0.86796875 0.4703125 0.0328125 0.078125
2 0.1 0.48671875 0.025 0.06875
2 0.57890625 0.4890625 0.0359375 0.059375
2 0.98828125 0.49296875 0.021875 0.05625
2 0.915625 0.52734375 0.0359375 0.06875
2 0.6484375 0.528125 0.0328125 0.071875
2 0.22265625 0.5328125 0.0390625 0.05625
2 0.7984375 0.53984375 0.0328125 0.0515625
2 0.7109375 0.55078125 0.028125 0.059375
2 0.17890625 0.55078125 0.028125 0.0734375
2 0.06171875 0.5640625 0.0421875 0.08125
2 0.3125 0.5765625 0.028125 0.06875
2 0.9328125 0.59765625 0.034375 0.059375
2 0.54765625 0.60234375 0.0328125 0.059375
2 0.74609375 0.60859375 0.021875 0.075
2 0.35546875 0.61328125 0.028125 0.065625
2 0.6328125 0.61640625 0.0328125 0.0734375
2 0.22578125 0.6578125 0.0328125 0.0609375
2 0.059375 0.67109375 0.0375 0.0640625
2 0.89296875 0.6765625 0.025 0.0515625
2 0.54296875 0.6859375 0.0359375 0.071875
2 0.71328125 0.69140625 0.0375 0.05625
2 0.8203125 0.6921875 0.04375 0.0640625
2 0.01875 0.7453125 0.034375 0.05625
2 0.2453125 0.74609375 0.025 0.053125
2 0.9828125 0.7546875 0.03125 0.071875
2 0.1359375 0.7546875 0.03125 0.046875
2 0.89921875 0.75625 0.0328125 0.06875
2 0.5828125 0.76328125 0.034375 0.053125
2 0.66953125 0.79375 0.028125 0.053125
2 0.775 0.81640625 0.025 0.065625
2 0.95859375 0.81875 0.034375 0.0609375
2 0.85625 0.8265625 0.03125 0.053125
2 0.0734375 0.83046875 0.0359375 0.065625
2 0.571875 0.83125 0.034375 0.078125
2 0.72578125 0.83359375 0.0375 0.0734375
2 0.16875 0.8375 0.0421875 0.1
2 0.80546875 0.83828125 0.0375 0.06875
2 0.865625 0.0859375 0.034375 0.06875
2 0.6546875 0.88125 0.025 0.059375
2 0.753125 0.88828125 0.025 0.06875
2 0.24453125 0.89609375 0.028125 0.075
2 0.11953125 0.90703125 0.040625 0.059375
2 0.965625 0.91015625 0.028125 0.0515625
2 0.81796875 0.91484375 0.0328125 0.09375
2 0.915625 0.91953125 0.0390625 0.071875
2 0.54453125 0.9390625 0.0328125 0.046875
2 0.0140625 0.9421875 0.025 0.078125
2 0.0578125 0.9578125 0.034375 0.08125
2 0.98125 0.96953125 0.03125 0.05625
2 0.69140625 0.9703125 0.028125 0.053125
2 0.23125 0.975 0.05625 0.04375
2 0.753125 0.9859375 0.0359375 0.0234375
2 0.59921875 0.09921875 0.03125 0.0609375
2 0.72421875 0.1 0.028125 0.06875
2 0.88828125 0.159375 0.028125 0.04375
2 0.79765625 0.1671875 0.03125 0.065625
2 0.5515625 0.22734375 0.021875 0.05
2 0.66953125 0.23125 0.0359375 0.075