2 0.75625 0.78359375 0.06875 0.0453125
2 0.7390625 0.8765625 0.0734375 0.0390625
2 0.721875 0.5765625 0.065625 0.028125
1 0.69609375 0.959375 0.071875 0.0234375
1 0.68125 0.3484375 0.08125 0.0375
1 0.6765625 0.2171875 0.075 0.034375
1 0.66953125 0.8265625 0.065625 0.0375
1 0.6671875 0.73359375 0.071875 0.0390625
1 0.6640625 0.47109375 0.0640625 0.034375
2 0.62421875 0.98984375 0.1015625 0.0171875
2 0.6109375 0.42578125 0.071875 0.028125
2 0.60703125 0.865625 0.04375 0.03125
2 0.60625 0.17421875 0.05625 0.0328125
2 0.58125 0.303125 0.059375 0.0375
2 0.54453125 0.671875 0.0609375 0.0328125
2 0.54453125 0.375 0.075 0.034375
2 0.5421875 0.7890625 0.075 0.028125
2 0.5296875 0.86796875 0.078125 0.0328125
2 0.51328125 0.1 0.06875 0.025
2 0.5109375 0.57890625 0.059375 0.0359375
2 0.50703125 0.9875 0.0578125 0.021875
2 0.47265625 0.915625 0.06875 0.0359375
2 0.471875 0.6484375 0.071875 0.0328125
2 0.4671875 0.22265625 0.05625 0.0390625
2 0.46015625 0.7984375 0.0515625 0.0328125
2 0.44921875 0.7109375 0.059375 0.028125
2 0.44921875 0.17890625 0.0734375 0.028125
2 0.4359375 0.06171875 0.08125 0.0421875
2 0.4234375 0.3125 0.06875 0.028125
2 0.40234375 0.9328125 0.059375 0.034375
2 0.39765625 0.54765625 0.059375 0.0328125
2 0.39140625 0.74609375 0.075 0.021875
2 0.38671875 0.35546875 0.065625 0.028125
2 0.38359375 0.6328125 0.0734375 0.0328125
2 0.3421875 0.22578125 0.0609375 0.0328125
2 0.32890625 0.059375 0.0640625 0.0375
2 0.3234375 0.89296875 0.0515625 0.0265625
2 0.3140625 0.54296875 0.071875 0.0359375
2 0.30859375 0.71328125 0.05625 0.0375
2 0.3078125 0.8203125 0.0640625 0.04375
2 0.2546875 0.01875 0.05625 0.034375
2 0.25390625 0.2453125 0.053125 0.025
2 0.2453125 0.9828125 0.071875 0.03125
2 0.2453125 0.1359375 0.046875 0.03125
2 0.24375 0.89921875 0.06875 0.0328125
2 0.23671875 0.5828125 0.053125 0.034375
2 0.20625 0.66953125 0.053125 0.028125
2 0.18359375 0.775 0.065625 0.025
2 0.18125 0.95859375 0.0609375 0.034375
2 0.1734375 0.85625 0.053125 0.03125
2 0.16953125 0.0734375 0.065625 0.0359375
2 0.16875 0.571875 0.078125 0.034375
2 0.16640625 0.72578125 0.0734375 0.0375
2 0.1625 0.16875 0.1 0.0421875
2 0.16171875 0.80546875 0.06875 0.0375
2 0.9140625 0.865625 0.06875 0.034375
2 0.11875 0.6546875 0.059375 0.025
2 0.11171875 0.753125 0.06875 0.0265625
2 0.10390625 0.24453125 0.075 0.028125
2 0.09296875 0.11953125 0.059375 0.040625
2 0.08984375 0.965625 0.0515625 0.0296875
2 0.08515625 0.81796875 0.09375 0.0328125
2 0.08046875 0.915625 0.071875 0.0390625
2 0.0609375 0.54453125 0.046875 0.0328125
2 0.0578125 0.0140625 0.078125 0.025
2 0.0421875 0.0578125 0.08125 0.034375
2 0.03046875 0.98125 0.05625 0.03125
2 0.0296875 0.69140625 0.053125 0.028125
2 0.025 0.23125 0.04375 0.05625
2 0.0140625 0.753125 0.0234375 0.0359375
2 0.90078125 0.59921875 0.0609375 0.03125
2 0.9 0.72421875 0.06875 0.028125
2 0.840625 0.88828125 0.04375 0.028125
2 0.8328125 0.79765625 0.065625 0.03125
2 0.77265625 0.5515625 0.05 0.021875
2 0.76875 0.66953125 0.075 0.0359375