2 0.9158653846153846 0.5276442307692307 0.036057692307692304 0.06850961538461539
2 0.9326923076923077 0.5973557692307693 0.03365384615384615 0.05889423076923077
2 0.8930288461538461 0.6766826923076923 0.026442307692307692 0.051682692307692304
2 0.8990384615384616 0.7560096153846154 0.03245192307692308 0.06850961538461539
2 0.9591346153846154 0.8185096153846154 0.03365384615384615 0.06129807692307692
2 0.8557692307692307 0.8269230769230769 0.03125 0.054086538461538464
2 0.9158653846153846 0.9194711538461539 0.038461538461538464 0.07091346153846154
2 0.9663461538461539 0.9098557692307693 0.028846153846153848 0.051682692307692304
2 0.8173076923076923 0.9146634615384616 0.03245192307692308 0.09375
2 0.8052884615384616 0.8389423076923077 0.037259615384615384 0.06850961538461539
2 0.8209134615384616 0.6923076923076923 0.04447115384615385 0.06370192307692307
2 0.7980769230769231 0.5396634615384616 0.03245192307692308 0.051682692307692304
2 0.8677884615384616 0.4699519230769231 0.03245192307692308 0.078125
2 0.8653846153846154 0.39302884615384615 0.03125 0.04447115384615385
2 0.7896634615384616 0.4579326923076923 0.027644230769230768 0.07572115384615384
2 0.7463942307692307 0.6081730769230769 0.02283653846153846 0.07572115384615384
2 0.7127403846153846 0.6911057692307693 0.037259615384615384 0.056490384615384616
2 0.7103365384615384 0.5504807692307693 0.028846153846153848 0.05889423076923077
2 0.6490384615384616 0.5288461538461539 0.03245192307692308 0.07091346153846154
2 0.6322115384615384 0.6165865384615384 0.03245192307692308 0.0733173076923077
2 0.6694711538461539 0.7932692307692307 0.028846153846153848 0.054086538461538464
2 0.7524038461538461 0.8882211538461539 0.026442307692307692 0.06850961538461539
2 0.6911057692307693 0.9699519230769231 0.028846153846153848 0.054086538461538464
2 0.7524038461538461 0.9855769230769231 0.036057692307692304 0.02403846153846154
2 0.6550480769230769 0.8810096153846154 0.02403846153846154 0.05889423076923077
2 0.9807692307692307 0.96875 0.03125 0.056490384615384616
2 0.9867788461538461 0.49399038461538464 0.021634615384615384 0.06009615384615385
2 0.9891826923076923 0.3762019230769231 0.016826923076923076 0.10336538461538461
1 0.9591346153846154 0.30408653846153844 0.02283653846153846 0.07091346153846154
1 0.7331730769230769 0.3329326923076923 0.038461538461538464 0.07091346153846154
1 0.8269230769230769 0.33052884615384615 0.037259615384615384 0.06610576923076923
1 0.3485576923076923 0.31850961538461536 0.037259615384615384 0.08052884615384616
1 0.47115384615384615 0.33653846153846156 0.03365384615384615 0.06370192307692307
1 0.21754807692307693 0.3233173076923077 0.03365384615384615 0.07572115384615384
2 0.6694711538461539 0.23076923076923078 0.036057692307692304 0.07572115384615384
2 0.8762019230769231 0.2608173076923077 0.038461538461538464 0.0733173076923077
2 0.8882211538461539 0.15865384615384615 0.027644230769230768 0.04447115384615385
2 0.8653846153846154 0.08653846153846154 0.03365384615384615 0.06850961538461539
2 0.7836538461538461 0.2439903846153846 0.04567307692307692 0.06850961538461539
2 0.7980769230769231 0.16706730769230768 0.03125 0.06610576923076923
2 0.5769230769230769 0.27884615384615385 0.027644230769230768 0.06610576923076923
2 0.5516826923076923 0.22716346153846154 0.02283653846153846 0.04927884615384615
2 0.5997596153846154 0.0985576923076923 0.03125 0.06129807692307692
2 0.7247596153846154 0.09975961538461539 0.027644230769230768 0.06850961538461539
2 0.375 0.45552884615384615 0.03365384615384615 0.07572115384615384
2 0.4254807692307692 0.3894230769230769 0.028846153846153848 0.07091346153846154
2 0.5793269230769231 0.4891826923076923 0.036057692307692304 0.05889423076923077
2 0.671875 0.45552884615384615 0.03245192307692308 0.06129807692307692
2 0.5480769230769231 0.6021634615384616 0.03245192307692308 0.05889423076923077
2 0.5432692307692307 0.6862980769230769 0.036057692307692304 0.07091346153846154
2 0.5829326923076923 0.7632211538461539 0.03365384615384615 0.054086538461538464
2 0.5721153846153846 0.8317307692307693 0.03365384615384615 0.078125
2 0.5444711538461539 0.9387019230769231 0.03245192307692308 0.046875
2 0.24519230769230768 0.7463942307692307 0.026442307692307692 0.054086538461538464
2 0.3557692307692308 0.6129807692307693 0.027644230769230768 0.06610576923076923
2 0.3125 0.5769230769230769 0.028846153846153848 0.06850961538461539
2 0.30288461538461536 0.4182692307692308 0.037259615384615384 0.05889423076923077
2 0.17427884615384615 0.3942307692307692 0.03245192307692308 0.056490384615384616
2 0.17908653846153846 0.5504807692307693 0.028846153846153848 0.0733173076923077
2 0.06129807692307692 0.5637019230769231 0.042067307692307696 0.08052884615384616
2 0.22235576923076922 0.5324519230769231 0.038461538461538464 0.056490384615384616
2 0.09975961538461539 0.48677884615384615 0.02403846153846154 0.06850961538461539
2 0.22596153846153846 0.6574519230769231 0.03245192307692308 0.06129807692307692
2 0.13581730769230768 0.7548076923076923 0.03125 0.046875
2 0.16947115384615385 0.8377403846153846 0.042067307692307696 0.0985576923076923
2 0.05889423076923077 0.6706730769230769 0.037259615384615384 0.06370192307692307
2 0.019230769230769232 0.7451923076923077 0.03365384615384615 0.056490384615384616
2 0.0733173076923077 0.8305288461538461 0.036057692307692304 0.06610576923076923
2 0.11899038461538461 0.90625 0.040865384615384616 0.05889423076923077
2 0.24519230769230768 0.8966346153846154 0.027644230769230768 0.07572115384615384
2 0.057692307692307696 0.9579326923076923 0.03365384615384615 0.08052884615384616
2 0.013221153846153846 0.9423076923076923 0.02403846153846154 0.078125
2 0.23076923076923078 0.9747596153846154 0.055288461538461536 0.04447115384615385
2 0.9831730769230769 0.7548076923076923 0.03125 0.07091346153846154