2 0.1671875 0.30625 0.03125 0.08125
2 0.346875 0.30859375 0.0375 0.0890625
2 0.25 0.2765625 0.03125 0.08125
2 0.2375 0.34453125 0.028125 0.090625
2 0.46875 0.18203125 0.034375 0.121875
2 0.025 0.31015625 0.025 0.1015625
2 0.0546875 0.31953125 0.0375 0.103125
2 0.5703125 0.2265625 0.025 0.0640625
2 0.3765625 0.228125 0.05 0.09375
2 0.3171875 0.21015625 0.021875 0.071875
2 0.90625 0.190625 0.03125 0.084375
2 0.79296875 0.20078125 0.028125 0.0515625
2 0.7203125 0.203125 0.021875 0.046875
2 0.98046875 0.16640625 0.0203125 0.046875
1 0.69140625 0.30625 0.034375 0.090625