2 0.8329326923076923 0.30649038461538464 0.030048076923076924 0.08173076923076923
2 0.6538461538461539 0.3088942307692308 0.037259615384615384 0.0889423076923077
2 0.75 0.2764423076923077 0.030048076923076924 0.08052884615384616
2 0.7632211538461539 0.3449519230769231 0.028846153846153848 0.09134615384615384
2 0.53125 0.1814903846153846 0.03365384615384615 0.12259615384615384
2 0.9759615384615384 0.31009615384615385 0.025240384615384616 0.10096153846153846
2 0.9447115384615384 0.31971153846153844 0.037259615384615384 0.10336538461538461
2 0.43028846153846156 0.22596153846153846 0.025240384615384616 0.06370192307692307
2 0.6237980769230769 0.2283653846153846 0.05048076923076923 0.09254807692307693
2 0.6826923076923077 0.21033653846153846 0.02283653846153846 0.07091346153846154
2 0.09375 0.19110576923076922 0.03245192307692308 0.08413461538461539
2 0.20673076923076922 0.20072115384615385 0.027644230769230768 0.051682692307692304
2 0.27884615384615385 0.203125 0.02283653846153846 0.046875
2 0.019230769230769232 0.16706730769230768 0.020432692307692308 0.046875
1 0.3088942307692308 0.30649038461538464 0.03485576923076923 0.09014423076923077