2 0.69375 0.1671875 0.08125 0.03125
2 0.69140625 0.346875 0.0890625 0.0375
2 0.7234375 0.25 0.08125 0.03125
2 0.65546875 0.2375 0.090625 0.028125
2 0.81796875 0.46875 0.121875 0.034375
2 0.68984375 0.025 0.1015625 0.025
2 0.68046875 0.0546875 0.103125 0.0375
2 0.7734375 0.5703125 0.0640625 0.025
2 0.771875 0.3765625 0.09375 0.05
2 0.78984375 0.3171875 0.071875 0.021875
2 0.809375 0.90625 0.084375 0.03125
2 0.79921875 0.79296875 0.0515625 0.028125
2 0.796875 0.7203125 0.046875 0.021875
2 0.83359375 0.98046875 0.046875 0.0203125
1 0.69375 0.69140625 0.090625 0.034375