1 0.9399038461538461 0.20673076923076922 0.0625 0.08774038461538461
1 0.8149038461538461 0.1971153846153846 0.051682692307692304 0.10096153846153846
1 0.6850961538461539 0.203125 0.056490384615384616 0.0985576923076923
1 0.5372596153846154 0.23918269230769232 0.04807692307692308 0.10216346153846154
1 0.29447115384615385 0.2091346153846154 0.038461538461538464 0.1346153846153846
1 0.15745192307692307 0.28125 0.052884615384615384 0.109375
1 0.8665865384615384 0.5096153846153846 0.06490384615384616 0.1045673076923077
1 0.6454326923076923 0.5949519230769231 0.07211538461538461 0.07091346153846154
1 0.47836538461538464 0.4987980769230769 0.046875 0.1310096153846154
1 0.390625 0.6177884615384616 0.057692307692307696 0.10576923076923077
1 0.10336538461538461 0.5420673076923077 0.06610576923076923 0.15745192307692307
1 0.1935096153846154 0.6177884615384616 0.06610576923076923 0.1201923076923077