2 0.16346153846153846 0.09975961538461539 0.030048076923076924 0.06370192307692307
2 0.27283653846153844 0.12259615384615384 0.03125 0.057692307692307696
2 0.46274038461538464 0.18269230769230768 0.042067307692307696 0.08533653846153846
2 0.6141826923076923 0.07211538461538461 0.028846153846153848 0.06610576923076923
2 0.7572115384615384 0.06009615384615385 0.03245192307692308 0.06610576923076923
2 0.7896634615384616 0.015625 0.020432692307692308 0.03125
2 0.4675480769230769 0.010817307692307692 0.019230769230769232 0.021634615384615384
2 0.36177884615384615 0.055288461538461536 0.01201923076923077 0.03245192307692308
2 0.24278846153846154 0.0625 0.014423076923076924 0.03485576923076923
2 0.8894230769230769 0.140625 0.014423076923076924 0.021634615384615384
2 0.9507211538461539 0.15384615384615385 0.013221153846153846 0.027644230769230768