2 0.8701923076923077 0.35336538461538464 0.03485576923076923 0.09254807692307693
2 0.7740384615384616 0.29927884615384615 0.03365384615384615 0.07692307692307693
2 0.6971153846153846 0.375 0.03245192307692308 0.08533653846153846
2 0.6153846153846154 0.31971153846153844 0.038461538461538464 0.08052884615384616
2 0.5240384615384616 0.3870192307692308 0.037259615384615384 0.06490384615384616
2 0.4495192307692308 0.3485576923076923 0.030048076923076924 0.0673076923076923
2 0.38461538461538464 0.3942307692307692 0.025240384615384616 0.0625
2 0.3161057692307692 0.3485576923076923 0.038461538461538464 0.0673076923076923
2 0.21754807692307693 0.4110576923076923 0.04447115384615385 0.0673076923076923
2 0.140625 0.4326923076923077 0.03365384615384615 0.06009615384615385
2 0.07572115384615384 0.4387019230769231 0.03365384615384615 0.0625