1 0.83359375 0.0546875 0.24375 0.1078125
1 0.76328125 0.88125 0.08125 0.04375
1 0.6625 0.79609375 0.06875 0.0375
1 0.65390625 0.83046875 0.084375 0.053125
1 0.6390625 0.2984375 0.0640625 0.034375
1 0.6390625 0.240625 0.059375 0.0328125
1 0.609375 0.27578125 0.053125 0.0265625
1 0.60390625 0.33984375 0.084375 0.040625
1 0.59375 0.50234375 0.134375 0.059375
1 0.55 0.75625 0.171875 0.0859375
1 0.5 0.66640625 0.134375 0.0578125
1 0.47109375 0.9140625 0.203125 0.1
1 0.19609375 0.79453125 0.215625 0.1375