1 0.83359375 0.9453125 0.24375 0.1078125
1 0.76328125 0.11875 0.08125 0.04375
1 0.6625 0.20390625 0.06875 0.0375
1 0.65390625 0.16953125 0.084375 0.053125
1 0.6390625 0.7015625 0.0640625 0.034375
1 0.6390625 0.759375 0.059375 0.0328125
1 0.609375 0.72421875 0.053125 0.0265625
1 0.60390625 0.66015625 0.084375 0.040625
1 0.59375 0.49765625 0.134375 0.059375
1 0.55 0.24375 0.171875 0.0859375
1 0.5 0.33359375 0.134375 0.0578125
1 0.47109375 0.0859375 0.203125 0.1
1 0.19609375 0.20546875 0.215625 0.1375