1 0.0546875 0.16640625 0.1078125 0.24375
1 0.88125 0.23671875 0.04375 0.08125
1 0.79609375 0.3375 0.0375 0.06875
1 0.83046875 0.34609375 0.053125 0.084375
1 0.2984375 0.3609375 0.034375 0.0640625
1 0.240625 0.3609375 0.0328125 0.059375
1 0.27578125 0.390625 0.0265625 0.053125
1 0.33984375 0.39609375 0.040625 0.084375
1 0.50234375 0.40625 0.059375 0.134375
1 0.75625 0.45 0.0859375 0.171875
1 0.66640625 0.5 0.0578125 0.134375
1 0.9140625 0.52890625 0.1 0.203125
1 0.79453125 0.80390625 0.1375 0.215625