1 0.055288461538461536 0.1658653846153846 0.10817307692307693 0.24519230769230768
1 0.5024038461538461 0.40625 0.06009615384615385 0.1346153846153846
1 0.7560096153846154 0.45072115384615385 0.08533653846153846 0.171875
1 0.9134615384615384 0.5288461538461539 0.09975961538461539 0.20192307692307693
1 0.7944711538461539 0.8040865384615384 0.13701923076923078 0.21634615384615385
1 0.3401442307692308 0.39663461538461536 0.039663461538461536 0.08413461538461539
1 0.2403846153846154 0.36177884615384615 0.03245192307692308 0.06009615384615385
1 0.27524038461538464 0.390625 0.026442307692307692 0.052884615384615384
1 0.2980769230769231 0.3605769230769231 0.03485576923076923 0.06370192307692307
1 0.7956730769230769 0.33774038461538464 0.037259615384615384 0.06971153846153846
1 0.8305288461538461 0.34615384615384615 0.052884615384615384 0.08413461538461539
1 0.8810096153846154 0.23677884615384615 0.04447115384615385 0.08052884615384616