1 0.8221153846153846 0.14302884615384615 0.04447115384615385 0.08653846153846154
1 0.6875 0.2608173076923077 0.038461538461538464 0.06850961538461539
1 0.5516826923076923 0.23798076923076922 0.05048076923076923 0.08052884615384616
1 0.43149038461538464 0.2536057692307692 0.037259615384615384 0.10216346153846154
1 0.7103365384615384 0.3858173076923077 0.03485576923076923 0.09615384615384616
1 0.5649038461538461 0.4170673076923077 0.05048076923076923 0.0733173076923077
1 0.4098557692307692 0.44471153846153844 0.03365384615384615 0.08413461538461539
1 0.2932692307692308 0.4266826923076923 0.036057692307692304 0.08052884615384616
1 0.3245192307692308 0.25600961538461536 0.03365384615384615 0.057692307692307696
1 0.16346153846153846 0.3918269230769231 0.036057692307692304 0.08173076923076923
1 0.078125 0.42788461538461536 0.05048076923076923 0.078125