1 0.78515625 0.0796875 0.1125 0.059375
1 0.7265625 0.16796875 0.0890625 0.053125
1 0.74296875 0.35 0.121875 0.0546875
1 0.53515625 0.45234375 0.1015625 0.05625
1 0.77421875 0.56640625 0.09375 0.0484375
1 0.684375 0.7140625 0.1 0.05
1 0.7953125 0.94453125 0.09375 0.046875
1 0.79765625 0.76015625 0.0875 0.040625
1 0.771875 0.47578125 0.065625 0.034375
1 0.77109375 0.40625 0.0828125 0.05
1 0.74609375 0.61328125 0.0890625 0.040625
1 0.83515625 0.29375 0.08125 0.034375
2 0.7890625 0.80546875 0.08125 0.04375
1 0.82578125 0.88125 0.1046875 0.05
1 0.73125 0.6515625 0.1359375 0.04375
1 0.79453125 0.52109375 0.096875 0.04375