1 0.9206730769230769 0.21514423076923078 0.06009615384615385 0.11177884615384616
1 0.8317307692307693 0.27403846153846156 0.052884615384615384 0.0889423076923077
1 0.6502403846153846 0.25721153846153844 0.055288461538461536 0.12139423076923077
1 0.5480769230769231 0.4651442307692308 0.056490384615384616 0.10216346153846154
1 0.4338942307692308 0.22596153846153846 0.04807692307692308 0.09254807692307693
1 0.2860576923076923 0.3161057692307692 0.04927884615384615 0.0985576923076923
1 0.055288461538461536 0.20432692307692307 0.04567307692307692 0.09495192307692307
1 0.2403846153846154 0.203125 0.039663461538461536 0.08774038461538461
1 0.5240384615384616 0.2283653846153846 0.03485576923076923 0.06490384615384616
1 0.59375 0.22956730769230768 0.05048076923076923 0.0829326923076923
1 0.3870192307692308 0.2536057692307692 0.039663461538461536 0.0889423076923077
1 0.7055288461538461 0.16466346153846154 0.03485576923076923 0.08052884615384616
2 0.19471153846153846 0.21033653846153846 0.04326923076923077 0.08052884615384616
1 0.11899038461538461 0.17427884615384615 0.05048076923076923 0.1045673076923077
1 0.3485576923076923 0.26802884615384615 0.04326923076923077 0.13581730769230768
1 0.4795673076923077 0.20552884615384615 0.04326923076923077 0.09615384615384616