1 0.9203125 0.21484375 0.059375 0.1125
1 0.83203125 0.2734375 0.053125 0.0890625
1 0.65 0.25703125 0.0546875 0.121875
1 0.54765625 0.46484375 0.05625 0.1015625
1 0.43359375 0.22578125 0.0484375 0.09375
1 0.2859375 0.315625 0.05 0.1
1 0.05546875 0.2046875 0.046875 0.09375
1 0.23984375 0.20234375 0.040625 0.0875
1 0.52421875 0.228125 0.034375 0.065625
1 0.59375 0.22890625 0.05 0.0828125
1 0.38671875 0.25390625 0.040625 0.0890625
1 0.70625 0.16484375 0.034375 0.08125
2 0.19453125 0.2109375 0.04375 0.08125
1 0.11875 0.17421875 0.05 0.1046875
1 0.3484375 0.26875 0.04375 0.1359375
1 0.47890625 0.20546875 0.04375 0.096875