2 0.44609375 0.18203125 0.084375 0.0453125
2 0.69765625 0.32109375 0.06875 0.0671875
2 0.83046875 0.3203125 0.1125 0.05
2 0.66640625 0.61171875 0.084375 0.0625
2 0.590625 0.6921875 0.059375 0.0296875
2 0.5640625 0.4234375 0.071875 0.040625
2 0.35703125 0.4109375 0.06875 0.0453125
2 0.35546875 0.09921875 0.046875 0.0296875
2 0.29375 0.50859375 0.040625 0.0265625
2 0.31875 0.56953125 0.05625 0.053125
2 0.3265625 0.671875 0.053125 0.0265625
2 0.421875 0.67734375 0.0484375 0.0375
2 0.3671875 0.79375 0.040625 0.03125
2 0.37734375 0.8859375 0.05625 0.034375
2 0.47734375 0.97109375 0.078125 0.0390625
2 0.25546875 0.45390625 0.0328125 0.0203125
2 0.2296875 0.11875 0.0234375 0.0125
2 0.2375 0.14453125 0.015625 0.0171875
2 0.26640625 0.3640625 0.03125 0.021875
2 0.26484375 0.63515625 0.0375 0.021875
2 0.25546875 0.734375 0.040625 0.01875
2 0.2828125 0.78125 0.0296875 0.0171875
2 0.34765625 0.9296875 0.04375 0.034375
2 0.29375 0.95625 0.040625 0.0234375
2 0.2203125 0.0625 0.021875 0.0109375