2 0.8185096153846154 0.44591346153846156 0.04447115384615385 0.0829326923076923
2 0.6790865384615384 0.6971153846153846 0.0673076923076923 0.06850961538461539
2 0.6802884615384616 0.8305288461538461 0.05048076923076923 0.11298076923076923
2 0.38822115384615385 0.6658653846153846 0.06370192307692307 0.0829326923076923
2 0.3076923076923077 0.5901442307692307 0.030048076923076924 0.06009615384615385
2 0.5769230769230769 0.5637019230769231 0.040865384615384616 0.07091346153846154
2 0.5889423076923077 0.35697115384615385 0.04447115384615385 0.06850961538461539
2 0.9014423076923077 0.3557692307692308 0.028846153846153848 0.046875
2 0.49158653846153844 0.2932692307692308 0.026442307692307692 0.040865384615384616
2 0.43028846153846156 0.31850961538461536 0.054086538461538464 0.056490384615384616
2 0.328125 0.3269230769230769 0.026442307692307692 0.052884615384615384
2 0.3233173076923077 0.421875 0.037259615384615384 0.04807692307692308
2 0.20552884615384615 0.36778846153846156 0.03245192307692308 0.039663461538461536
2 0.1141826923076923 0.37740384615384615 0.03485576923076923 0.055288461538461536
2 0.028846153846153848 0.47716346153846156 0.038461538461538464 0.07692307692307693
2 0.5456730769230769 0.2548076923076923 0.020432692307692308 0.03245192307692308
2 0.8810096153846154 0.22956730769230768 0.01201923076923077 0.02283653846153846
2 0.8557692307692307 0.23798076923076922 0.016826923076923076 0.015625
2 0.6358173076923077 0.265625 0.02283653846153846 0.03125
2 0.3641826923076923 0.2644230769230769 0.021634615384615384 0.036057692307692304
2 0.265625 0.2548076923076923 0.019230769230769232 0.040865384615384616
2 0.21875 0.28365384615384615 0.016826923076923076 0.030048076923076924
2 0.07091346153846154 0.3485576923076923 0.03365384615384615 0.04326923076923077
2 0.04326923076923077 0.29447115384615385 0.02283653846153846 0.042067307692307696
2 0.9375 0.21995192307692307 0.010817307692307692 0.02283653846153846