2 0.55390625 0.18203125 0.084375 0.0453125
2 0.30234375 0.32109375 0.06875 0.0671875
2 0.16953125 0.3203125 0.1125 0.05
2 0.33359375 0.61171875 0.084375 0.0625
2 0.409375 0.6921875 0.059375 0.0296875
2 0.4359375 0.4234375 0.071875 0.040625
2 0.64296875 0.4109375 0.06875 0.0453125
2 0.64453125 0.09921875 0.046875 0.0296875
2 0.70625 0.50859375 0.040625 0.0265625
2 0.68125 0.56953125 0.05625 0.053125
2 0.6734375 0.671875 0.053125 0.0265625
2 0.578125 0.67734375 0.0484375 0.0375
2 0.6328125 0.79375 0.040625 0.03125
2 0.62265625 0.8859375 0.05625 0.034375
2 0.52265625 0.97109375 0.078125 0.0390625
2 0.74453125 0.45390625 0.0328125 0.0203125
2 0.7703125 0.11875 0.0234375 0.0125
2 0.7625 0.14453125 0.015625 0.0171875
2 0.73359375 0.3640625 0.03125 0.021875
2 0.73515625 0.63515625 0.0375 0.021875
2 0.74453125 0.734375 0.040625 0.01875
2 0.7171875 0.78125 0.0296875 0.0171875
2 0.65234375 0.9296875 0.04375 0.034375
2 0.70625 0.95625 0.040625 0.0234375
2 0.7796875 0.0625 0.021875 0.0109375