1 0.19921875 0.2359375 0.0875 0.040625
1 0.20625 0.27578125 0.0703125 0.0265625
1 0.20625 0.3921875 0.059375 0.0265625
1 0.21484375 0.54765625 0.075 0.0296875
1 0.24296875 0.41640625 0.0546875 0.0296875
2 0.24296875 0.09765625 0.140625 0.075
1 0.26328125 0.75859375 0.090625 0.0578125
1 0.28828125 0.4828125 0.1125 0.0625
1 0.36875 0.203125 0.1625 0.08125
1 0.42421875 0.66875 0.125 0.078125
1 0.5109375 0.31875 0.1265625 0.0796875
1 0.86796875 0.8875 0.2609375 0.165625
1 0.1640625 0.43671875 0.053125 0.0234375
1 0.1890625 0.3390625 0.065625 0.0359375