2 0.7788461538461539 0.29086538461538464 0.11057692307692307 0.12620192307692307
2 0.6262019230769231 0.5757211538461539 0.11538461538461539 0.12860576923076922
2 0.5168269230769231 0.5805288461538461 0.10096153846153846 0.10096153846153846
2 0.38341346153846156 0.5600961538461539 0.10336538461538461 0.12379807692307693
2 0.5204326923076923 0.21995192307692307 0.08173076923076923 0.08533653846153846
2 0.37259615384615385 0.34134615384615385 0.08533653846153846 0.09375
2 0.3473557692307692 0.14543269230769232 0.07211538461538461 0.08533653846153846
2 0.46634615384615385 0.09735576923076923 0.08653846153846154 0.09134615384615384
2 0.6442307692307693 0.17908653846153846 0.08173076923076923 0.0889423076923077
2 0.20552884615384615 0.171875 0.09254807692307693 0.09735576923076923
2 0.0733173076923077 0.14783653846153846 0.09014423076923077 0.11658653846153846