2 0.3703125 0.51328125 0.0375 0.015625
2 0.390625 0.4078125 0.04375 0.025
2 0.3984375 0.5390625 0.046875 0.0203125
0 0.40703125 0.859375 0.059375 0.0375
2 0.40859375 0.59453125 0.0375 0.01875
2 0.4140625 0.8203125 0.0609375 0.028125
2 0.42109375 0.796875 0.0734375 0.03125
2 0.42421875 0.47578125 0.0515625 0.028125
2 0.440625 0.6671875 0.05625 0.028125
2 0.44296875 0.6234375 0.0546875 0.028125
2 0.4453125 0.33828125 0.065625 0.025
2 0.44921875 0.7171875 0.0796875 0.04375
2 0.44921875 0.52421875 0.04375 0.028125
2 0.45546875 0.08125 0.0375 0.0203125
2 0.4609375 0.171875 0.090625 0.040625
2 0.46953125 0.3765625 0.078125 0.0328125
2 0.50390625 0.92734375 0.0875 0.05
2 0.52734375 0.7703125 0.075 0.0375
2 0.5515625 0.43203125 0.15625 0.0875
2 0.58125 0.4953125 0.08125 0.0453125
2 0.62734375 0.83671875 0.0828125 0.0578125
2 0.62734375 0.234375 0.121875 0.05625
2 0.6515625 0.75234375 0.096875 0.053125
2 0.82890625 0.228125 0.16875 0.08125