2 0.6296875 0.48671875 0.0375 0.015625
2 0.609375 0.5921875 0.04375 0.025
2 0.6015625 0.4609375 0.046875 0.0203125
0 0.59296875 0.140625 0.059375 0.0375
2 0.59140625 0.40546875 0.0375 0.01875
2 0.5859375 0.1796875 0.0609375 0.028125
2 0.57890625 0.203125 0.0734375 0.03125
2 0.57578125 0.52421875 0.0515625 0.028125
2 0.559375 0.3328125 0.05625 0.028125
2 0.55703125 0.3765625 0.0546875 0.028125
2 0.5546875 0.66171875 0.065625 0.025
2 0.55078125 0.2828125 0.0796875 0.04375
2 0.55078125 0.47578125 0.04375 0.028125
2 0.54453125 0.91875 0.0375 0.0203125
2 0.5390625 0.828125 0.090625 0.040625
2 0.53046875 0.6234375 0.078125 0.0328125
2 0.49609375 0.07265625 0.0875 0.05
2 0.47265625 0.2296875 0.075 0.0375
2 0.4484375 0.56796875 0.15625 0.0875
2 0.41875 0.5046875 0.08125 0.0453125
2 0.37265625 0.16328125 0.0828125 0.0578125
2 0.37265625 0.765625 0.121875 0.05625
2 0.3484375 0.24765625 0.096875 0.053125
2 0.17109375 0.771875 0.16875 0.08125