2 0.28984375 0.3625 0.0875 0.05625
2 0.31015625 0.915625 0.134375 0.0703125
2 0.0390625 0.33515625 0.071875 0.028125
2 0.39453125 0.2515625 0.0984375 0.046875
0 0.0421875 0.3875 0.084375 0.040625
0 0.0421875 0.23203125 0.084375 0.04375
0 0.43359375 0.72109375 0.146875 0.078125
2 0.46484375 0.971875 0.1203125 0.053125
2 0.05078125 0.61875 0.1015625 0.046875
2 0.05625 0.71640625 0.084375 0.04375
2 0.05625 0.87265625 0.0546875 0.03125
2 0.59140625 0.36875 0.15625 0.078125
2 0.60703125 0.60234375 0.1015625 0.059375
2 0.61171875 0.03125 0.15625 0.059375
0 0.64609375 0.23984375 0.175 0.08125
1 0.675 0.71640625 0.196875 0.08125
2 0.77109375 0.5140625 0.203125 0.0984375
2 0.1015625 0.06953125 0.0875 0.046875
0 0.1046875 0.28515625 0.121875 0.04375
2 0.1453125 0.1625 0.08125 0.0515625
2 0.15390625 0.9140625 0.09375 0.0546875
2 0.2234375 0.73828125 0.08125 0.04375
2 0.25078125 0.65703125 0.0953125 0.05
2 0.25546875 0.98359375 0.1171875 0.0296875
2 0.27265625 0.5765625 0.128125 0.071875