2 0.71015625 0.6375 0.0875 0.05625
2 0.68984375 0.084375 0.134375 0.06875
2 0.9609375 0.66484375 0.071875 0.028125
2 0.60546875 0.7484375 0.0984375 0.046875
0 0.95703125 0.61328125 0.0828125 0.0421875
0 0.95703125 0.76796875 0.0828125 0.0453125
0 0.56640625 0.27890625 0.146875 0.078125
2 0.53515625 0.02734375 0.11875 0.0546875
2 0.9484375 0.38203125 0.1 0.0484375
2 0.94375 0.28359375 0.084375 0.04375
2 0.94375 0.12734375 0.0546875 0.03125
2 0.40859375 0.63125 0.15625 0.078125
2 0.39296875 0.39765625 0.1015625 0.059375
2 0.38828125 0.96875 0.15625 0.059375
0 0.35390625 0.76015625 0.175 0.08125
1 0.325 0.28359375 0.196875 0.08125
2 0.22890625 0.4859375 0.203125 0.0984375
2 0.8984375 0.93046875 0.0875 0.0484375
0 0.8953125 0.71484375 0.121875 0.04375
2 0.8546875 0.8375 0.08125 0.0515625
2 0.84609375 0.0859375 0.09375 0.0546875
2 0.7765625 0.26171875 0.08125 0.04375
2 0.74921875 0.34296875 0.0953125 0.05
2 0.7453125 0.015625 0.115625 0.03125
2 0.72734375 0.4234375 0.128125 0.071875