2 0.71015625 0.3625 0.0875 0.05625
2 0.68984375 0.915625 0.134375 0.0703125
2 0.9609375 0.33515625 0.071875 0.028125
2 0.60546875 0.2515625 0.0984375 0.046875
0 0.95703125 0.38828125 0.0828125 0.0421875
0 0.95703125 0.23203125 0.0828125 0.0453125
0 0.56640625 0.72109375 0.146875 0.078125
2 0.53515625 0.971875 0.1203125 0.053125
2 0.9484375 0.61953125 0.1 0.0484375
2 0.94375 0.71640625 0.084375 0.04375
2 0.94375 0.87265625 0.0546875 0.03125
2 0.40859375 0.36875 0.15625 0.078125
2 0.39296875 0.60234375 0.1015625 0.059375
2 0.38828125 0.03125 0.15625 0.059375
0 0.35390625 0.23984375 0.175 0.08125
1 0.325 0.71640625 0.196875 0.08125
2 0.22890625 0.5140625 0.203125 0.0984375
2 0.8984375 0.06953125 0.0875 0.046875
0 0.8953125 0.28515625 0.121875 0.04375
2 0.8546875 0.1625 0.08125 0.0515625
2 0.84609375 0.9140625 0.09375 0.0546875
2 0.7765625 0.73828125 0.08125 0.04375
2 0.74921875 0.65703125 0.0953125 0.05
2 0.74453125 0.98359375 0.1171875 0.0296875
2 0.72734375 0.5765625 0.128125 0.071875