2 0.43828125 0.665625 0.11875 0.0359375
2 0.478125 0.61171875 0.075 0.03125
2 0.46875 0.42265625 0.0765625 0.046875
2 0.60625 0.4984375 0.040625 0.0171875
2 0.534375 0.7296875 0.0609375 0.028125
2 0.63515625 0.43046875 0.04375 0.0125
2 0.55625 0.403125 0.0609375 0.028125
2 0.62890625 0.3609375 0.0375 0.0140625
1 0.65546875 0.22421875 0.090625 0.05
2 0.6484375 0.83359375 0.0390625 0.015625
2 0.6921875 0.95625 0.0328125 0.015625
2 0.63203125 0.884375 0.03125 0.015625
2 0.73203125 0.44921875 0.0171875 0.0078125
2 0.72578125 0.47265625 0.0125 0.00625
2 0.65625 0.553125 0.03125 0.0125
2 0.653125 0.3375 0.025 0.009375