2 0.43828125 0.334375 0.11875 0.0359375
2 0.478125 0.38828125 0.075 0.03125
2 0.46875 0.57734375 0.0765625 0.046875
2 0.60625 0.5015625 0.040625 0.0171875
2 0.534375 0.2703125 0.0609375 0.028125
2 0.63515625 0.56953125 0.04375 0.0125
2 0.55625 0.596875 0.0609375 0.028125
2 0.62890625 0.6390625 0.0375 0.0140625
1 0.65546875 0.77578125 0.090625 0.05
2 0.6484375 0.16640625 0.0390625 0.015625
2 0.6921875 0.04375 0.0328125 0.015625
2 0.63203125 0.115625 0.03125 0.015625
2 0.73203125 0.55078125 0.0171875 0.0078125
2 0.72578125 0.52734375 0.0125 0.00625
2 0.65625 0.446875 0.03125 0.0125
2 0.653125 0.6625 0.025 0.009375