1 0.1984375 0.3875 0.159375 0.140625
1 0.21640625 0.6015625 0.14375 0.103125
1 0.29140625 0.80390625 0.159375 0.0984375
1 0.3625 0.94453125 0.15625 0.109375
1 0.15234375 0.16875 0.153125 0.1125
1 0.65625 0.9546875 0.18125 0.0859375
1 0.67421875 0.80546875 0.15625 0.10625
1 0.6453125 0.56015625 0.16875 0.11875
1 0.56015625 0.43671875 0.19375 0.1
1 0.50390625 0.08203125 0.1828125 0.1046875
1 0.89296875 0.3734375 0.184375 0.13125
1 0.8703125 0.109375 0.2 0.165625
1 0.94296875 0.6796875 0.1125 0.09375