1 0.8015625 0.3875 0.159375 0.140625
1 0.78359375 0.6015625 0.14375 0.103125
1 0.70859375 0.80390625 0.159375 0.0984375
1 0.6375 0.94453125 0.15625 0.109375
1 0.84765625 0.16875 0.153125 0.1125
1 0.34375 0.9546875 0.18125 0.0859375
1 0.32578125 0.80546875 0.15625 0.10625
1 0.3546875 0.56015625 0.16875 0.11875
1 0.43984375 0.43671875 0.19375 0.1
1 0.49609375 0.08203125 0.1828125 0.1046875
1 0.10703125 0.3734375 0.184375 0.13125
1 0.1296875 0.109375 0.2 0.165625
1 0.05703125 0.6796875 0.1125 0.09375