1 0.45390625 0.33046875 0.05 0.05625
1 0.1703125 0.33359375 0.028125 0.096875
1 0.721875 0.33984375 0.0359375 0.1
1 0.55703125 0.34140625 0.0359375 0.090625
1 0.51328125 0.35859375 0.0375 0.096875
1 0.265625 0.36015625 0.053125 0.0875
1 0.04609375 0.365625 0.025 0.103125
1 0.684375 0.396875 0.05 0.090625
1 0.628125 0.42265625 0.0625 0.0875
1 0.0171875 0.42421875 0.03125 0.115625
1 0.46796875 0.42890625 0.05 0.078125
1 0.38828125 0.45 0.0625 0.103125
1 0.146875 0.45625 0.0765625 0.109375
1 0.8765625 0.49609375 0.0859375 0.125