1 0.66953125 0.54609375 0.05625 0.05
1 0.66640625 0.8296875 0.096875 0.0296875
1 0.66015625 0.278125 0.1 0.0359375
1 0.65859375 0.44296875 0.090625 0.0359375
1 0.64140625 0.48671875 0.096875 0.0375
1 0.63984375 0.734375 0.0875 0.053125
1 0.634375 0.95390625 0.103125 0.025
1 0.603125 0.315625 0.090625 0.05
1 0.57734375 0.371875 0.0875 0.0625
1 0.57578125 0.9828125 0.115625 0.0328125
1 0.57109375 0.53203125 0.078125 0.05
1 0.55 0.61171875 0.103125 0.0625
1 0.54375 0.853125 0.109375 0.0765625
1 0.50390625 0.1234375 0.125 0.0859375