2 0.13671875 0.16111111111111112 0.059375000000000004 0.11944444444444445
1 0.30976562500000004 0.45555555555555555 0.07890625000000001 0.16666666666666669
1 0.1203125 0.7972222222222223 0.0703125 0.17777777777777778
2 0.199609375 0.3388888888888889 0.07109375 0.125
2 0.3828125 0.1902777777777778 0.0546875 0.1
1 0.474609375 0.4326388888888889 0.13359375 0.24861111111111112
0 0.71640625 0.6569444444444444 0.109375 0.23611111111111113
0 0.8617187500000001 0.23750000000000002 0.109375 0.18333333333333335
0 0.67109375 0.2513888888888889 0.059375000000000004 0.11666666666666667
0 0.53671875 0.10902777777777778 0.043750000000000004 0.10138888888888889
2 0.49296875 0.06875 0.0328125 0.07361111111111111
2 0.33710937500000004 0.05555555555555556 0.041406250000000006 0.08055555555555556
