0 0.18110236220472442 0.16617429837518466 0.07480314960629922 0.13146233382570163
0 0.7918307086614174 0.23338257016248154 0.08169291338582677 0.15952732644017725
0 0.8562992125984252 0.2614475627769572 0.04133858267716535 0.08271787296898081
0 0.9394685039370079 0.2784342688330872 0.016732283464566927 0.033973412112259974
0 0.6835629921259843 0.23042836041358938 0.022637795275590553 0.05612998522895126
0 0.35974409448818895 0.2717872968980798 0.03051181102362205 0.05908419497784343
1 0.5088582677165354 0.2119645494830133 0.10039370078740158 0.16986706056129985
0 0.5989173228346457 0.23633677991137372 0.024606299212598423 0.041358936484490405
0 0.42765748031496065 0.24667651403249632 0.014763779527559055 0.029542097488921715
0 0.9945866141732284 0.29763663220088626 0.008858267716535433 0.02806499261447563
1 0.4030511811023622 0.23116691285081242 0.016732283464566927 0.022156573116691287
