0 0.0810546875 0.2161764705882353 0.072265625 0.15588235294117647
0 0.1728515625 0.38088235294117645 0.130859375 0.22058823529411764
0 0.537109375 0.25588235294117645 0.125 0.13529411764705881
0 0.89453125 0.4426470588235294 0.11328125 0.1264705882352941
0 0.8154296875 0.2676470588235294 0.068359375 0.10588235294117647
0 0.6796875 0.25588235294117645 0.05859375 0.1
0 0.4091796875 0.3514705882352941 0.068359375 0.11470588235294117
2 0.64453125 0.10882352941176471 0.046875 0.08235294117647059
2 0.7373046875 0.19558823529411765 0.048828125 0.09117647058823529
0 0.884765625 0.22058823529411764 0.0546875 0.08235294117647059
0 0.8662109375 0.11470588235294117 0.052734375 0.08235294117647059
