0 0.057438794726930316 0.6546610169491526 0.041431261770244816 0.0748587570621469
0 0.2707156308851224 0.6200564971751412 0.051789077212806026 0.07062146892655367
0 0.28907721280602633 0.8848870056497176 0.041431261770244816 0.08050847457627118
0 0.443502824858757 0.5939265536723164 0.04519774011299435 0.08050847457627118
0 0.5263653483992466 0.394774011299435 0.03954802259887005 0.06638418079096045
0 0.2801318267419962 0.25 0.044256120527306965 0.0790960451977401
0 0.821563088512241 0.5826271186440678 0.04613935969868173 0.06073446327683616
0 0.5475517890772128 0.2535310734463277 0.04048964218455744 0.07203389830508475
0 0.7339924670433144 0.14759887005649716 0.04048964218455744 0.0635593220338983
0 0.3389830508474576 0.067090395480226 0.04331450094161959 0.08898305084745763
