0 0.5178861788617887 0.4132029339853301 0.06991869918699187 0.13691931540342298
0 0.1951219512195122 0.3264058679706601 0.07479674796747968 0.1491442542787286
2 0.15121951219512195 0.7114914425427873 0.1040650406504065 0.19070904645476772
2 0.2658536585365854 0.5843520782396088 0.07967479674796749 0.15158924205378974
2 0.034959349593495934 0.5268948655256723 0.06991869918699187 0.1295843520782396
2 0.2894308943089431 0.12591687041564792 0.05203252032520325 0.09046454767726161
2 0.3170731707317073 0.2787286063569682 0.07154471544715447 0.16136919315403422
2 0.7967479674796748 0.3117359413202934 0.07804878048780488 0.15892420537897312
2 0.4585365853658537 0.7383863080684596 0.08455284552845528 0.15647921760391198
2 0.7707317073170732 0.71760391198044 0.07479674796747968 0.1882640586797066
2 0.7536585365853659 0.5488997555012225 0.056910569105691054 0.16381418092909536
