0 0.07864583333333333 0.1962962962962963 0.05416666666666667 0.12592592592592594
0 0.025260416666666667 0.1449074074074074 0.03802083333333333 0.08981481481481482
0 0.26171875 0.08842592592592594 0.05364583333333333 0.11944444444444445
0 0.2755208333333333 0.3680555555555556 0.06145833333333333 0.14907407407407408
2 0.1 0.3541666666666667 0.057291666666666664 0.10648148148148148
0 0.12395833333333334 0.7208333333333333 0.07708333333333334 0.14537037037037037
1 0.17213541666666665 0.6412037037037037 0.0546875 0.13611111111111113
0 0.04583333333333333 0.8361111111111111 0.06875 0.17222222222222222
0 0.3776041666666667 0.8916666666666667 0.065625 0.1574074074074074
0 0.51484375 0.6773148148148148 0.057812499999999996 0.13425925925925927
0 0.5684895833333333 0.7731481481481481 0.06614583333333333 0.12592592592592594
0 0.64375 0.37592592592592594 0.0625 0.10555555555555556
0 0.49583333333333335 0.2800925925925926 0.058333333333333334 0.1398148148148148
0 0.4825520833333333 0.09675925925925927 0.0515625 0.13425925925925927
0 0.6544270833333333 0.0925925925925926 0.05572916666666666 0.12222222222222223
0 0.7494791666666667 0.09722222222222222 0.06354166666666666 0.13518518518518519
0 0.9330729166666667 0.5439814814814815 0.06510416666666667 0.1398148148148148
0 0.8971354166666666 0.19953703703703704 0.06614583333333333 0.10648148148148148
0 0.82109375 0.030555555555555558 0.0453125 0.061111111111111116
