0 0.545625 0.48592870544090055 0.03375 0.0675422138836773
0 0.43875000000000003 0.5525328330206379 0.035 0.06941838649155722
0 0.324375 0.49906191369606 0.04125 0.0675422138836773
0 0.099375 0.47842401500938087 0.03375 0.075046904315197
0 0.378125 0.8151969981238274 0.043750000000000004 0.07317073170731707
0 0.713125 0.7823639774859287 0.03625 0.07879924953095685
0 0.954375 0.7335834896810507 0.04125 0.0600375234521576
0 0.7993750000000001 0.5403377110694184 0.02875 0.05628517823639775
0 0.770625 0.3630393996247655 0.02875 0.07692307692307693
0 0.89875 0.48874296435272047 0.03 0.058161350844277676
0 0.345625 0.3527204502814259 0.03625 0.0450281425891182
0 0.241875 0.30393996247654786 0.02875 0.052532833020637895
0 0.035 0.35834896810506567 0.0325 0.05628517823639775
0 0.080625 0.2898686679174484 0.03625 0.054409005628517824
0 0.146875 0.1669793621013133 0.02875 0.04878048780487805
0 0.634375 0.2448405253283302 0.02875 0.06191369606003752
0 0.3 0.22326454033771106 0.03 0.05628517823639775
0 0.56625 0.19887429643527205 0.03 0.052532833020637895
0 0.25375000000000003 0.8686679174484052 0.045 0.06378986866791744
0 0.123125 0.7917448405253283 0.04125 0.06378986866791744
0 0.17375000000000002 0.5797373358348968 0.0475 0.0825515947467167
