1 0.38958333333333334 0.21973929236499068 0.0875 0.2048417132216015
1 0.0234375 0.329608938547486 0.04479166666666667 0.1378026070763501
2 0.6333333333333333 0.43202979515828677 0.06666666666666667 0.1564245810055866
2 0.7135416666666666 0.33054003724394787 0.0375 0.08752327746741155
2 0.7786458333333334 0.3016759776536313 0.042708333333333334 0.1005586592178771
2 0.9520833333333333 0.21880819366852886 0.07916666666666666 0.18063314711359404
2 0.12604166666666666 0.29981378026070765 0.029166666666666667 0.0446927374301676
2 0.8526041666666666 0.33519553072625696 0.02395833333333333 0.0595903165735568
2 0.8895833333333333 0.2951582867783985 0.016666666666666666 0.04655493482309125
2 0.4270833333333333 0.3249534450651769 0.014583333333333334 0.03165735567970205
2 0.05 0.707635009310987 0.05625 0.1191806331471136
2 0.44375 0.5754189944134078 0.029166666666666667 0.0893854748603352
