0 0.07 0.44548872180451127 0.1075 0.15789473684210525
0 0.341875 0.39191729323308266 0.08125 0.16353383458646614
0 0.46 0.25845864661654133 0.0575 0.13721804511278196
0 0.62375 0.41447368421052627 0.06 0.12969924812030076
0 0.7675000000000001 0.3740601503759398 0.06 0.12781954887218044
0 0.19062500000000002 0.2838345864661654 0.04875 0.12781954887218044
0 0.8875000000000001 0.30357142857142855 0.0525 0.12593984962406013
0 0.565625 0.24624060150375937 0.04875 0.09398496240601503
0 0.7775 0.20018796992481203 0.055 0.10338345864661654
0 0.163125 0.45864661654135336 0.05375 0.18045112781954886
2 0.66125 0.1531954887218045 0.0375 0.06954887218045112
