0 0.8473684210526315 0.35 0.03684210526315789 0.08666666666666667
0 0.6486842105263158 0.3811111111111111 0.049999999999999996 0.10888888888888888
0 0.47039473684210525 0.2911111111111111 0.05394736842105263 0.13777777777777778
0 0.2631578947368421 0.3322222222222222 0.06578947368421052 0.13111111111111112
0 0.3263157894736842 0.21444444444444444 0.05263157894736842 0.11333333333333333
0 0.38421052631578945 0.24666666666666667 0.03684210526315789 0.06666666666666667
0 0.12697368421052632 0.29333333333333333 0.05921052631578947 0.12
0 0.2013157894736842 0.22333333333333333 0.031578947368421054 0.06888888888888889
0 0.009868421052631578 0.19444444444444445 0.019736842105263157 0.08222222222222222
0 0.8230263157894737 0.26222222222222225 0.035526315789473684 0.07111111111111111
0 0.9447368421052631 0.30333333333333334 0.02368421052631579 0.051111111111111114
0 0.5414473684210526 0.27 0.030263157894736843 0.06
