2 0.670625 0.4061032863849765 0.043750000000000004 0.06666666666666667
0 0.2340625 0.2403755868544601 0.029375000000000002 0.06009389671361502
0 0.0165625 0.30938967136150236 0.029375000000000002 0.07793427230046948
0 0.3459375 0.23708920187793428 0.034375 0.0647887323943662
0 0.38406250000000003 0.2976525821596244 0.033125 0.046948356807511735
0 0.626875 0.08779342723004695 0.02625 0.036619718309859155
0 0.6971875 0.1215962441314554 0.031875 0.05352112676056338
0 0.8246875 0.11784037558685445 0.029375000000000002 0.0460093896713615
0 0.7368750000000001 0.04272300469483568 0.02375 0.057276995305164315
0 0.935 0.10140845070422536 0.02625 0.054460093896713614
