0 0.10478723404255319 0.31285444234404536 0.08404255319148936 0.22117202268431002
0 0.5345744680851064 0.3175803402646503 0.07765957446808511 0.19659735349716448
0 0.8898936170212766 0.3809073724007562 0.09680851063829787 0.2665406427221172
0 0.4372340425531915 0.22495274102079396 0.03404255319148936 0.09073724007561437
2 0.25 0.11247637051039698 0.055319148936170216 0.15311909262759923
2 0.03351063829787234 0.23251417769376181 0.030851063829787233 0.09073724007561437
2 0.6776595744680851 0.054820415879017016 0.027659574468085108 0.08695652173913043
2 0.18617021276595744 0.03213610586011342 0.025531914893617023 0.06427221172022685
2 0.3324468085106383 0.10396975425330814 0.018085106382978725 0.05671077504725898
2 0.3281914893617021 0.27599243856332706 0.039361702127659576 0.10586011342155009
