2 0.33641975308641975 0.6930555555555555 0.10493827160493827 0.2138888888888889
2 0.16589506172839505 0.2777777777777778 0.18055555555555555 0.48888888888888893
2 0.7237654320987654 0.3416666666666667 0.08333333333333333 0.19444444444444445
2 0.4351851851851852 0.45555555555555555 0.05246913580246913 0.15
2 0.25 0.4861111111111111 0.09876543209876543 0.25
2 0.3341049382716049 0.41111111111111115 0.05401234567901234 0.10555555555555556
2 0.29320987654320985 0.2125 0.040123456790123455 0.08055555555555556
2 0.6381172839506173 0.30833333333333335 0.06327160493827161 0.15
2 0.5802469135802468 0.3388888888888889 0.04938271604938271 0.1277777777777778
2 0.46604938271604934 0.41111111111111115 0.046296296296296294 0.12222222222222223
2 0.5092592592592592 0.37777777777777777 0.033950617283950615 0.08888888888888889
2 0.9097222222222222 0.3180555555555556 0.035493827160493825 0.10277777777777779
