2 0.46208333333333335 0.11587301587301588 0.07416666666666667 0.1619047619047619
2 0.21250000000000002 0.7047619047619048 0.055 0.1523809523809524
2 0.08708333333333333 0.6753968253968254 0.060833333333333336 0.14444444444444443
2 0.4216666666666667 0.8960317460317461 0.07166666666666667 0.1634920634920635
2 0.83125 0.473015873015873 0.05916666666666667 0.12380952380952381
2 0.18333333333333335 0.38015873015873014 0.045000000000000005 0.1126984126984127
2 0.03833333333333334 0.3746031746031746 0.03666666666666667 0.08888888888888889
2 0.12458333333333334 0.16746031746031745 0.04416666666666667 0.10317460317460317
2 0.04583333333333334 0.20952380952380953 0.04 0.08571428571428572
2 0.8316666666666667 0.7992063492063493 0.07500000000000001 0.12857142857142856
