2 0.1925925925925926 0.32859680284191833 0.053703703703703705 0.09946714031971582
2 0.28564814814814815 0.2921847246891652 0.06574074074074074 0.12255772646536413
2 0.3175925925925926 0.4680284191829485 0.06481481481481481 0.11900532859680285
2 0.37592592592592594 0.5417406749555951 0.07777777777777778 0.11367673179396093
2 0.4305555555555556 0.325044404973357 0.06296296296296297 0.11367673179396093
2 0.6333333333333333 0.34458259325044405 0.07222222222222223 0.11012433392539965
2 0.6800925925925926 0.4991119005328597 0.06944444444444445 0.14920071047957373
2 0.6162037037037037 0.7531083481349912 0.07314814814814816 0.152753108348135
2 0.5625 0.5870337477797514 0.08796296296296297 0.12255772646536413
2 0.5041666666666667 0.5612788632326821 0.04537037037037037 0.11012433392539965
2 0.4412037037037037 0.5808170515097691 0.0638888888888889 0.11012433392539965
2 0.4935185185185185 0.7850799289520427 0.03518518518518519 0.1030195381882771
