2 0.2895 0.8678678678678678 0.057 0.10510510510510511
2 0.1 0.9204204204204204 0.06 0.0990990990990991
2 0.4255 0.8558558558558559 0.051000000000000004 0.13813813813813813
2 0.6005 0.7657657657657657 0.047 0.07507507507507508
2 0.8805000000000001 0.7732732732732732 0.063 0.07507507507507508
2 0.279 0.7447447447447447 0.048 0.05105105105105105
2 0.20750000000000002 0.6921921921921922 0.041 0.05105105105105105
2 0.6245 0.6666666666666666 0.041 0.06306306306306306
2 0.9405 0.6306306306306306 0.035 0.06306306306306306
2 0.0315 0.6261261261261262 0.027 0.06006006006006006
2 0.1565 0.5795795795795796 0.033 0.04204204204204204
2 0.221 0.5990990990990991 0.034 0.04204204204204204
2 0.254 0.6118618618618619 0.028 0.06156156156156156
2 0.336 0.6554054054054054 0.026000000000000002 0.05555555555555555
2 0.358 0.6006006006006006 0.026000000000000002 0.05105105105105105
2 0.3375 0.5735735735735735 0.023 0.04204204204204204
2 0.5680000000000001 0.6223723723723724 0.026000000000000002 0.04954954954954955
2 0.51 0.3588588588588589 0.036000000000000004 0.06306306306306306
2 0.581 0.5405405405405406 0.026000000000000002 0.04204204204204204
2 0.6545 0.5375375375375375 0.021 0.03303303303303303
2 0.7000000000000001 0.4391891891891892 0.016 0.03453453453453453
2 0.9725 0.4339339339339339 0.021 0.03303303303303303
2 0.765 0.3963963963963964 0.012 0.024024024024024024
2 0.8150000000000001 0.4346846846846847 0.014 0.028528528528528527
2 0.189 0.5037537537537538 0.016 0.02252252252252252
2 0.2115 0.496996996996997 0.017 0.02702702702702703
2 0.1295 0.5202702702702703 0.015 0.01951951951951952
2 0.3565 0.5412912912912913 0.021 0.04354354354354354
2 0.6125 0.48873873873873874 0.021 0.028528528528528527
2 0.9165 0.42792792792792794 0.019 0.02102102102102102
2 0.839 0.3933933933933934 0.012 0.018018018018018018
2 0.849 0.4196696696696697 0.014 0.02252252252252252
2 0.729 0.4294294294294294 0.016 0.03003003003003003
2 0.303 0.4174174174174174 0.012 0.02102102102102102
2 0.14200000000000002 0.4016516516516517 0.014 0.03153153153153153
