0 0.246 0.9398414985590777 0.035 0.06412103746397695
0 0.41075 0.9301152737752161 0.0385 0.06484149855907781
0 0.5465 0.864193083573487 0.042 0.06412103746397695
0 0.64375 0.8159221902017291 0.035500000000000004 0.07132564841498559
0 0.7545000000000001 0.9052593659942363 0.046 0.06988472622478385
0 0.902 0.9664985590778097 0.039 0.0626801152737752
0 0.9077500000000001 0.7939481268011527 0.0335 0.06340057636887608
0 0.93875 0.773414985590778 0.0325 0.058357348703170026
0 0.94225 0.603386167146974 0.0335 0.06988472622478385
0 0.6980000000000001 0.5511527377521613 0.028 0.060518731988472615
0 0.594 0.5165706051873199 0.027 0.04899135446685879
0 0.47250000000000003 0.581772334293948 0.032 0.05259365994236311
0 0.40775 0.704250720461095 0.029500000000000002 0.061239193083573486
0 0.38275000000000003 0.6930835734870316 0.0275 0.06628242074927954
0 0.264 0.6051873198847262 0.029 0.060518731988472615
2 0.1635 0.630043227665706 0.028 0.03818443804034582
2 0.11325 0.5695244956772334 0.0285 0.048270893371757925
0 0.078 0.6974063400576368 0.043000000000000003 0.05619596541786743
0 0.01375 0.4722622478386167 0.0275 0.061239193083573486
0 0.07375 0.4614553314121037 0.0265 0.0569164265129683
0 0.12875 0.4679394812680115 0.0305 0.05115273775216138
0 0.2575 0.393371757925072 0.03 0.05187319884726224
2 0.2905 0.44812680115273773 0.029 0.03890489913544668
0 0.364 0.4578530259365994 0.027 0.05403458213256484
0 0.4315 0.4279538904899135 0.027 0.05187319884726224
0 0.45575 0.5363832853025936 0.0285 0.058357348703170026
0 0.49525 0.4488472622478386 0.0305 0.050432276657060515
0 0.60475 0.388328530259366 0.0365 0.053314121037463975
0 0.668 0.38256484149855907 0.021 0.04322766570605187
0 0.6935 0.41966858789625355 0.026000000000000002 0.048270893371757925
0 0.7195 0.45821325648414984 0.024 0.053314121037463975
0 0.7312500000000001 0.40165706051873196 0.0225 0.04971181556195965
0 0.87975 0.3688760806916426 0.0265 0.04610951008645533
0 0.9085 0.4272334293948126 0.032 0.05187319884726224
0 0.896 0.47082132564841495 0.028 0.04682997118155619
0 0.9480000000000001 0.5335014409221902 0.033 0.048270893371757925
0 0.4835 0.3577089337175792 0.031 0.05259365994236311
0 0.45625 0.3249279538904899 0.0235 0.0446685878962536
0 0.53725 0.3717579250720461 0.0235 0.04322766570605187
0 0.55675 0.3407780979827089 0.021500000000000002 0.040345821325648415
0 0.56025 0.2907060518731988 0.0185 0.03386167146974063
0 0.633 0.2968299711815562 0.017 0.03890489913544668
0 0.77575 0.23739193083573484 0.0185 0.04394812680115273
0 0.8155 0.3061959654178674 0.023 0.03890489913544668
0 0.8492500000000001 0.2780979827089337 0.0165 0.040345821325648415
0 0.87275 0.32240634005763685 0.0275 0.045389048991354465
0 0.92025 0.31628242074927954 0.0385 0.040345821325648415
0 0.854 0.22046109510086453 0.018000000000000002 0.037463976945244955
0 0.82575 0.1653458213256484 0.0165 0.028097982708933714
0 0.62475 0.18948126801152737 0.0175 0.040345821325648415
0 0.5065000000000001 0.23306916426512966 0.023 0.04106628242074928
0 0.3975 0.1999279538904899 0.016 0.025216138328530258
0 0.368 0.28890489913544665 0.029 0.0446685878962536
2 0.34550000000000003 0.23847262247838616 0.027 0.04178674351585014
2 0.139 0.2871037463976945 0.023 0.04106628242074928
0 0.135 0.3703170028818444 0.032 0.0446685878962536
0 0.17025 0.3710374639769452 0.0265 0.04322766570605187
0 0.2245 0.27665706051873196 0.019 0.03890489913544668
2 0.2095 0.24603746397694523 0.017 0.03530259365994236
0 0.08875 0.19524495677233428 0.0205 0.04322766570605187
0 0.26275 0.1440922190201729 0.0175 0.034582132564841495
0 0.2425 0.23378962536023054 0.022 0.03818443804034582
0 0.32175 0.20461095100864551 0.0235 0.03314121037463977
2 0.301 0.265850144092219 0.022 0.04322766570605187
2 0.26425 0.28638328530259366 0.0265 0.03818443804034582
0 0.29475 0.11527377521613832 0.0245 0.03602305475504323
0 0.31475000000000003 0.08897694524495676 0.0165 0.030979827089337175
0 0.35175 0.055835734870317 0.0175 0.03386167146974063
0 0.3905 0.06520172910662823 0.017 0.028097982708933714
2 0.4015 0.1127521613832853 0.018000000000000002 0.029538904899135444
0 0.42875 0.1026657060518732 0.0185 0.03386167146974063
0 0.41775 0.0547550432276657 0.0125 0.02593659942363112
0 0.3585 0.016570605187319884 0.019 0.023054755043227664
0 0.12675 0.0435878962536023 0.0175 0.039625360230547545
0 0.47325 0.06520172910662823 0.0165 0.023775216138328528
0 0.4975 0.13580691642651296 0.019 0.03530259365994236
0 0.5375 0.10230547550432276 0.02 0.03602305475504323
0 0.4525 0.017291066282420747 0.016 0.02881844380403458
0 0.57175 0.060878962536023054 0.0235 0.03818443804034582
0 0.5445 0.030259365994236308 0.015 0.02737752161383285
0 0.507 0.07744956772334294 0.021 0.028097982708933714
0 0.6657500000000001 0.0670028818443804 0.0175 0.02881844380403458
0 0.70275 0.08897694524495676 0.0125 0.026657060518731988
2 0.67475 0.1350864553314121 0.0145 0.02089337175792507
2 0.73575 0.14157060518731987 0.0175 0.03386167146974063
0 0.7105 0.20244956772334294 0.022 0.03890489913544668
0 0.869 0.16498559077809796 0.017 0.03602305475504323
0 0.95225 0.18155619596541786 0.0315 0.03170028818443804
0 0.9775 0.09870317002881844 0.022 0.047550432276657055
0 0.89375 0.06988472622478385 0.0175 0.02881844380403458
0 0.86925 0.03890489913544668 0.0125 0.021613832853025934
0 0.81875 0.06844380403458213 0.0145 0.034582132564841495
2 0.836 0.0914985590778098 0.014 0.03170028818443804
0 0.7302500000000001 0.10302593659942362 0.0225 0.03602305475504323
0 0.63775 0.08645533141210374 0.021500000000000002 0.03314121037463977
2 0.64475 0.16138328530259366 0.0205 0.037463976945244955
0 0.6285000000000001 0.0111671469740634 0.017 0.0223342939481268
0 0.76725 0.011527377521613832 0.0195 0.021613832853025934
2 0.95825 0.02593659942363112 0.0205 0.02593659942363112
2 0.993 0.07024495677233429 0.013000000000000001 0.0223342939481268
0 0.90625 0.27053314121037464 0.0195 0.030979827089337175
0 0.99275 0.4855907780979827 0.0135 0.053314121037463975
0 0.2905 0.5579971181556196 0.027 0.05115273775216138
0 0.45675 0.7838616714697406 0.0245 0.060518731988472615
0 0.37625000000000003 0.6177953890489913 0.0265 0.05259365994236311
