2 0.12380952380952381 0.7428571428571429 0.08253968253968254 0.20952380952380953
2 0.3626984126984127 0.8222222222222222 0.0746031746031746 0.19682539682539682
2 0.08015873015873017 0.5666666666666667 0.08412698412698413 0.19365079365079366
2 0.16507936507936508 0.42698412698412697 0.0761904761904762 0.2
2 0.25317460317460316 0.24285714285714285 0.06825396825396825 0.2126984126984127
2 0.2912698412698413 0.45396825396825397 0.06825396825396825 0.19047619047619047
2 0.42777777777777776 0.5428571428571428 0.07142857142857142 0.18412698412698414
2 0.41349206349206347 0.34444444444444444 0.06507936507936508 0.1873015873015873
2 0.5317460317460317 0.20952380952380953 0.06984126984126984 0.17142857142857143
2 0.5714285714285714 0.5365079365079365 0.07301587301587302 0.19682539682539682
2 0.7047619047619048 0.5047619047619047 0.08571428571428572 0.17142857142857143
2 0.8293650793650794 0.526984126984127 0.0746031746031746 0.20317460317460317
2 0.7777777777777778 0.21587301587301588 0.07301587301587302 0.19047619047619047
2 0.6150793650793651 0.32857142857142857 0.07777777777777778 0.18095238095238095
2 0.8785714285714286 0.32063492063492066 0.07142857142857142 0.19682539682539682
2 0.9634920634920635 0.37936507936507935 0.06349206349206349 0.2253968253968254
