0 0.74375 0.6944444444444444 0.084375 0.23333333333333334
0 0.9046875000000001 0.6972222222222223 0.08750000000000001 0.23333333333333334
0 0.48828125 0.6902777777777778 0.0890625 0.23055555555555557
0 0.33125000000000004 0.6791666666666667 0.1125 0.2916666666666667
0 0.13671875 0.7166666666666667 0.0890625 0.22777777777777777
0 0.06015625 0.43333333333333335 0.0859375 0.25
0 0.21953125 0.4861111111111111 0.08281250000000001 0.2388888888888889
0 0.21796875000000002 0.2569444444444445 0.09843750000000001 0.18055555555555555
0 0.421875 0.21666666666666667 0.11875000000000001 0.24444444444444446
0 0.453125 0.4444444444444445 0.09375 0.20555555555555557
0 0.671875 0.47500000000000003 0.10312500000000001 0.2111111111111111
0 0.8109375000000001 0.3402777777777778 0.08750000000000001 0.20833333333333334
