0 0.8512500000000001 0.6 0.1325 0.3377777777777778
0 0.9470833333333334 0.7162962962962962 0.05416666666666667 0.18814814814814815
0 0.4591666666666667 0.6155555555555555 0.06666666666666667 0.15555555555555556
0 0.3954166666666667 0.42666666666666664 0.04583333333333334 0.14222222222222222
0 0.20333333333333334 0.4274074074074074 0.065 0.13777777777777778
0 0.09125000000000001 0.5414814814814815 0.050833333333333335 0.09037037037037036
0 0.03916666666666667 0.44814814814814813 0.05 0.08148148148148147
0 0.32333333333333336 0.4659259259259259 0.045000000000000005 0.07555555555555556
0 0.5895833333333333 0.4622222222222222 0.04583333333333334 0.09185185185185185
0 0.68625 0.4896296296296296 0.03416666666666667 0.12
0 0.6395833333333334 0.40444444444444444 0.02416666666666667 0.05333333333333333
0 0.6179166666666667 0.3681481481481481 0.02416666666666667 0.057777777777777775
0 0.3229166666666667 0.35185185185185186 0.015833333333333335 0.04
0 0.2604166666666667 0.33999999999999997 0.01916666666666667 0.04296296296296296
0 0.11583333333333334 0.377037037037037 0.016666666666666666 0.037037037037037035
0 0.009583333333333334 0.35333333333333333 0.0175 0.04
2 0.13 0.32370370370370366 0.02 0.03407407407407407
1 0.4445833333333334 0.377037037037037 0.015833333333333335 0.03407407407407407
0 0.3541666666666667 0.4288888888888889 0.028333333333333335 0.06962962962962962
