2 0.2129080118694362 0.6319599109131403 0.057863501483679525 0.05456570155902004
2 0.4480712166172107 0.6224944320712694 0.03857566765578635 0.0378619153674833
2 0.5356083086053413 0.6508908685968819 0.03560830860534125 0.04120267260579064
2 0.7173590504451038 0.6275055679287305 0.04896142433234422 0.04788418708240534
2 0.7373887240356083 0.5723830734966592 0.026706231454005934 0.0378619153674833
2 0.7781899109792285 0.611358574610245 0.03412462908011869 0.028953229398663696
2 0.060830860534124634 0.6325167037861915 0.03857566765578635 0.028953229398663696
2 0.13056379821958458 0.60913140311804 0.026706231454005934 0.024498886414253896
2 0.2692878338278932 0.6035634743875278 0.0370919881305638 0.035634743875278395
2 0.3434718100890208 0.6319599109131403 0.03412462908011869 0.030066815144766147
2 0.3271513353115727 0.6096881959910913 0.025222551928783383 0.030066815144766147
2 0.5126112759643917 0.606347438752784 0.025222551928783383 0.027839643652561245
2 0.5919881305637983 0.611358574610245 0.032640949554896145 0.031180400890868595
2 0.5526706231454006 0.6069042316258352 0.03412462908011869 0.03340757238307349
1 0.9577151335311573 0.621380846325167 0.04599406528189911 0.04008908685968819
