1 0.11541666666666667 0.7108355091383812 0.08416666666666667 0.13446475195822455
1 0.8516666666666667 0.4216710182767624 0.05 0.06266318537859009
0 0.47208333333333335 0.8087467362924282 0.09916666666666667 0.15013054830287206
0 0.15166666666666667 0.402088772845953 0.07333333333333333 0.09138381201044386
0 0.0975 0.33616187989556134 0.03666666666666667 0.08224543080939947
0 0.0325 0.5104438642297651 0.04666666666666667 0.08877284595300261
0 0.7716666666666667 0.5907310704960835 0.05666666666666667 0.1031331592689295
0 0.9629166666666668 0.7336814621409922 0.06916666666666667 0.16449086161879894
0 0.9400000000000001 0.37793733681462144 0.04666666666666667 0.06657963446475196
0 0.7708333333333334 0.3629242819843342 0.043333333333333335 0.06788511749347259
0 0.6808333333333334 0.46671018276762405 0.03333333333333333 0.07180156657963446
0 0.5429166666666667 0.5280678851174935 0.037500000000000006 0.06919060052219321
0 0.36833333333333335 0.6409921671018277 0.08333333333333334 0.1279373368146214
0 0.25958333333333333 0.32049608355091386 0.04583333333333334 0.08485639686684074
0 0.27958333333333335 0.4810704960835509 0.0325 0.08224543080939947
0 0.41875 0.3877284595300261 0.0425 0.08616187989556136
0 0.3408333333333334 0.4171018276762402 0.04833333333333334 0.06135770234986945
0 0.6266666666666667 0.8302872062663186 0.155 0.2245430809399478
2 0.7220833333333334 0.4680156657963446 0.04083333333333333 0.0926892950391645
2 0.8804166666666667 0.5554830287206266 0.0625 0.07963446475195822
