0 0.1878048780487805 0.578239608801956 0.06016260162601626 0.09046454767726161
0 0.3886178861788618 0.41687041564792177 0.07479674796747968 0.1100244498777506
0 0.8398373983739837 0.23838630806845965 0.04715447154471545 0.13447432762836187
2 0.3284552845528455 0.15770171149144255 0.029268292682926828 0.08557457212713937
2 0.7056910569105691 0.19437652811735942 0.03902439024390244 0.11491442542787286
2 0.6065040650406504 0.36552567237163813 0.04227642276422764 0.1198044009779951
2 0.9536585365853658 0.10268948655256724 0.03414634146341464 0.10268948655256724
2 0.6186991869918699 0.09168704156479218 0.04390243902439024 0.09046454767726161
2 0.5121951219512195 0.1430317848410758 0.03252032520325203 0.08557457212713937
2 0.23658536585365852 0.37775061124694376 0.030894308943089432 0.09046454767726161
2 0.5967479674796748 0.13447432762836187 0.029268292682926828 0.08801955990220049
