0 0.749 0.872113676731794 0.152 0.2522202486678508
0 0.545 0.38898756660746003 0.10400000000000001 0.24511545293072826
0 0.41400000000000003 0.4902309058614565 0.082 0.19538188277087035
0 0.2625 0.588809946714032 0.111 0.21492007104795738
0 0.0995 0.6998223801065719 0.17300000000000001 0.38721136767317943
2 0.2995 0.3507992895204263 0.055 0.1616341030195382
0 0.638 0.3783303730017762 0.10400000000000001 0.22735346358792186
0 0.781 0.39342806394316165 0.076 0.17939609236234458
0 0.9615 0.4191829484902309 0.075 0.19538188277087035
0 0.9195 0.17673179396092362 0.059000000000000004 0.1296625222024867
0 0.862 0.20337477797513323 0.044 0.0941385435168739
2 0.671 0.13854351687388988 0.044 0.1172291296625222
0 0.734 0.08703374777975134 0.036000000000000004 0.0852575488454707
2 0.6065 0.12166962699822381 0.045 0.10124333925399645
0 0.4415 0.09147424511545293 0.033 0.06216696269982238
