2 0.08455284552845528 0.5271226415094339 0.03577235772357724 0.06839622641509434
2 0.06747967479674796 0.597877358490566 0.03414634146341464 0.0589622641509434
2 0.1073170731707317 0.6768867924528301 0.026016260162601626 0.051886792452830184
2 0.1008130081300813 0.7558962264150944 0.03252032520325203 0.06839622641509434
2 0.041463414634146344 0.8183962264150944 0.03414634146341464 0.06132075471698113
2 0.14390243902439023 0.8266509433962264 0.030894308943089432 0.05424528301886792
2 0.08455284552845528 0.9198113207547169 0.03902439024390244 0.07075471698113207
2 0.03414634146341464 0.910377358490566 0.029268292682926828 0.051886792452830184
2 0.1821138211382114 0.9150943396226415 0.03252032520325203 0.09433962264150943
2 0.1943089430894309 0.8384433962264151 0.03739837398373984 0.06839622641509434
2 0.1796747967479675 0.6922169811320754 0.04390243902439024 0.06367924528301887
2 0.2016260162601626 0.5400943396226415 0.03252032520325203 0.051886792452830184
2 0.13170731707317074 0.4705188679245283 0.03252032520325203 0.07783018867924528
2 0.13414634146341464 0.392688679245283 0.030894308943089432 0.04481132075471698
2 0.2105691056910569 0.45754716981132076 0.027642276422764227 0.07547169811320754
2 0.25365853658536586 0.6084905660377359 0.022764227642276424 0.07547169811320754
2 0.2869918699186992 0.6910377358490566 0.03739837398373984 0.05660377358490566
2 0.2894308943089431 0.5507075471698113 0.029268292682926828 0.0589622641509434
2 0.35121951219512193 0.5283018867924528 0.03252032520325203 0.07075471698113207
2 0.367479674796748 0.6167452830188679 0.03252032520325203 0.07311320754716981
2 0.3300813008130081 0.7936320754716981 0.029268292682926828 0.05424528301886792
2 0.24715447154471545 0.8879716981132075 0.026016260162601626 0.06839622641509434
2 0.3089430894308943 0.9705188679245282 0.029268292682926828 0.05424528301886792
2 0.24715447154471545 0.9858490566037735 0.03577235772357724 0.023584905660377357
2 0.34552845528455284 0.8808962264150944 0.024390243902439025 0.0589622641509434
2 0.01869918699186992 0.9693396226415094 0.030894308943089432 0.05660377358490566
2 0.011382113821138212 0.49292452830188677 0.022764227642276424 0.05660377358490566
2 0.00894308943089431 0.375 0.01788617886178862 0.0990566037735849
0 0.04065040650406504 0.30424528301886794 0.022764227642276424 0.07075471698113207
0 0.26666666666666666 0.33254716981132076 0.03902439024390244 0.07075471698113207
0 0.17317073170731706 0.330188679245283 0.03739837398373984 0.0660377358490566
0 0.651219512195122 0.31839622641509435 0.03739837398373984 0.08018867924528301
0 0.5292682926829269 0.33608490566037735 0.03414634146341464 0.06367924528301887
0 0.7829268292682927 0.3231132075471698 0.03414634146341464 0.07547169811320754
2 0.3300813008130081 0.23113207547169812 0.03577235772357724 0.07547169811320754
2 0.12357723577235773 0.2606132075471698 0.03902439024390244 0.07311320754716981
2 0.11138211382113822 0.15919811320754718 0.027642276422764227 0.04481132075471698
2 0.13414634146341464 0.08608490566037735 0.03414634146341464 0.06839622641509434
2 0.216260162601626 0.24410377358490565 0.04552845528455285 0.06839622641509434
2 0.20243902439024392 0.16745283018867924 0.030894308943089432 0.0660377358490566
2 0.42357723577235773 0.2783018867924528 0.027642276422764227 0.0660377358490566
2 0.44878048780487806 0.2275943396226415 0.022764227642276424 0.04952830188679245
2 0.4008130081300813 0.0990566037735849 0.030894308943089432 0.06132075471698113
2 0.275609756097561 0.10023584905660377 0.027642276422764227 0.06839622641509434
2 0.6252032520325204 0.455188679245283 0.03414634146341464 0.07547169811320754
2 0.5739837398373984 0.3891509433962264 0.029268292682926828 0.07075471698113207
2 0.4211382113821138 0.4893867924528302 0.03577235772357724 0.0589622641509434
2 0.3284552845528455 0.455188679245283 0.03252032520325203 0.06132075471698113
2 0.45203252032520325 0.6025943396226415 0.03252032520325203 0.0589622641509434
2 0.45691056910569106 0.6863207547169811 0.03577235772357724 0.07075471698113207
2 0.4170731707317073 0.7629716981132075 0.03414634146341464 0.05424528301886792
2 0.42845528455284554 0.8313679245283019 0.03414634146341464 0.07783018867924528
2 0.45528455284552843 0.9386792452830188 0.03252032520325203 0.04716981132075471
2 0.7544715447154472 0.7464622641509434 0.026016260162601626 0.05424528301886792
2 0.6447154471544716 0.6132075471698113 0.027642276422764227 0.0660377358490566
2 0.6878048780487804 0.5766509433962264 0.029268292682926828 0.06839622641509434
2 0.6967479674796748 0.4186320754716981 0.03739837398373984 0.0589622641509434
2 0.8260162601626017 0.3938679245283019 0.03252032520325203 0.05660377358490566
2 0.8211382113821138 0.5507075471698113 0.029268292682926828 0.07311320754716981
2 0.9382113821138212 0.5636792452830188 0.04227642276422764 0.08018867924528301
2 0.7772357723577236 0.5330188679245282 0.03902439024390244 0.05660377358490566
2 0.9 0.4870283018867924 0.024390243902439025 0.06839622641509434
2 0.7739837398373983 0.6580188679245282 0.03252032520325203 0.06132075471698113
2 0.8642276422764228 0.7547169811320754 0.030894308943089432 0.04716981132075471
2 0.8308943089430895 0.8372641509433962 0.04227642276422764 0.0990566037735849
2 0.9406504065040651 0.6709905660377358 0.03739837398373984 0.06367924528301887
2 0.9813008130081301 0.7452830188679245 0.03414634146341464 0.05660377358490566
2 0.926829268292683 0.830188679245283 0.03577235772357724 0.0660377358490566
2 0.8804878048780488 0.9068396226415094 0.04065040650406504 0.0589622641509434
2 0.7552845528455284 0.8962264150943395 0.027642276422764227 0.07547169811320754
2 0.9422764227642276 0.9575471698113207 0.03414634146341464 0.08018867924528301
2 0.9861788617886179 0.9422169811320754 0.024390243902439025 0.07783018867924528
2 0.7691056910569106 0.9752358490566038 0.055284552845528454 0.04481132075471698
2 0.01707317073170732 0.7547169811320754 0.030894308943089432 0.07075471698113207
