2 0.51416015625 0.8528645833333333 0.1416015625 0.171875
2 0.0732421875 0.93359375 0.138671875 0.125
2 0.91357421875 0.8053385416666666 0.0908203125 0.14192708333333331
2 0.03466796875 0.658203125 0.0693359375 0.13151041666666666
2 0.2958984375 0.6608072916666666 0.05078125 0.06380208333333333
2 0.38330078125 0.806640625 0.0888671875 0.15234375
2 0.232421875 0.4817708333333333 0.044921875 0.06510416666666666
2 0.47412109375 0.5 0.0322265625 0.05208333333333333
2 0.51611328125 0.5442708333333333 0.0400390625 0.05208333333333333
2 0.59912109375 0.525390625 0.0537109375 0.06901041666666666
2 0.76318359375 0.4837239583333333 0.0361328125 0.05598958333333333
2 0.849609375 0.47135416666666663 0.044921875 0.0625
2 0.265625 0.4375 0.03125 0.049479166666666664
2 0.30615234375 0.4739583333333333 0.0361328125 0.05208333333333333
2 0.3896484375 0.4114583333333333 0.02734375 0.0390625
2 0.46875 0.431640625 0.03125 0.03515625
2 0.7109375 0.4251302083333333 0.03125 0.05598958333333333
2 0.736328125 0.3515625 0.033203125 0.049479166666666664
2 0.6044921875 0.3841145833333333 0.03125 0.049479166666666664
2 0.44091796875 0.3528645833333333 0.0224609375 0.033854166666666664
2 0.49365234375 0.3782552083333333 0.0224609375 0.03515625
2 0.5439453125 0.38541666666666663 0.03125 0.03645833333333333
2 0.23193359375 0.39453125 0.0244140625 0.0390625
2 0.9501953125 0.3359375 0.025390625 0.046875
2 0.9365234375 0.4296875 0.033203125 0.06510416666666666
2 0.66845703125 0.3470052083333333 0.0341796875 0.045572916666666664
2 0.3125 0.3567708333333333 0.021484375 0.03125
2 0.1630859375 0.39322916666666663 0.021484375 0.028645833333333332
2 0.80615234375 0.3138020833333333 0.0263671875 0.0390625
2 0.9033203125 0.349609375 0.0234375 0.05078125
2 0.39990234375 0.5944010416666666 0.0732421875 0.08723958333333333
