2 0.16757812500000002 0.30625 0.030468750000000003 0.08194444444444444
2 0.346484375 0.30833333333333335 0.03671875 0.08888888888888889
2 0.25039062500000003 0.2763888888888889 0.030468750000000003 0.08055555555555556
2 0.237109375 0.34444444444444444 0.02890625 0.09166666666666667
2 0.468359375 0.18194444444444446 0.03359375 0.12222222222222223
2 0.024609375000000003 0.3104166666666667 0.025781250000000002 0.10138888888888889
2 0.055078125000000006 0.3194444444444445 0.03671875 0.10277777777777779
2 0.5703125 0.2263888888888889 0.025 0.0638888888888889
2 0.3765625 0.22847222222222224 0.05 0.09305555555555556
2 0.31757812500000004 0.21041666666666667 0.022656250000000003 0.07083333333333333
2 0.905859375 0.19097222222222224 0.032031250000000004 0.08472222222222223
2 0.79296875 0.20069444444444445 0.028125 0.051388888888888894
2 0.720703125 0.20277777777777778 0.022656250000000003 0.04722222222222222
2 0.98046875 0.16666666666666669 0.0203125 0.04722222222222222
0 0.69140625 0.30625 0.034375 0.09027777777777778
