2 0.16317016317016317 0.09999999999999999 0.030303030303030304 0.06407766990291262
2 0.2733100233100233 0.12233009708737863 0.03146853146853147 0.058252427184466014
2 0.4627039627039627 0.1825242718446602 0.04195804195804196 0.0854368932038835
2 0.6136363636363636 0.07184466019417475 0.029137529137529136 0.06601941747572815
2 0.7575757575757576 0.06019417475728155 0.03263403263403263 0.06601941747572815
2 0.7902097902097902 0.015533980582524271 0.02097902097902098 0.031067961165048542
2 0.46794871794871795 0.010679611650485437 0.019813519813519812 0.021359223300970873
2 0.3613053613053613 0.05533980582524271 0.011655011655011656 0.033009708737864074
2 0.24242424242424243 0.062135922330097085 0.013986013986013986 0.03495145631067961
2 0.8892773892773893 0.1407766990291262 0.013986013986013986 0.021359223300970873
2 0.9504662004662005 0.15339805825242717 0.01282051282051282 0.027184466019417475
