2 0.1296023564064801 0.35375 0.035346097201767304 0.0925
2 0.2260677466863034 0.29875 0.033873343151693665 0.0775
2 0.30338733431516934 0.375 0.032400589101620025 0.085
2 0.3843888070692194 0.32 0.03829160530191458 0.08
2 0.47643593519882177 0.3875 0.036818851251840944 0.065
2 0.5508100147275405 0.34875 0.029455081001472753 0.0675
2 0.6148748159057438 0.39375 0.025036818851251842 0.0625
2 0.6833578792341679 0.34875 0.03829160530191458 0.0675
2 0.7820324005891016 0.41125 0.04418262150220913 0.0675
2 0.8593519882179675 0.4325 0.033873343151693665 0.06
2 0.9241531664212076 0.43875000000000003 0.033873343151693665 0.0625
