0 0.08476562500000001 0.511137162954279 0.07109375 0.15005861664712777
0 0.253515625 0.6242672919109027 0.06484375 0.12075029308323564
0 0.49921875000000004 0.45603751465416176 0.0421875 0.10082063305978897
1 0.29140625000000003 0.4056271981242673 0.040625 0.09613130128956623
0 0.552734375 0.34232121922626024 0.039843750000000004 0.08909730363423211
0 0.349609375 0.3493552168815943 0.039843750000000004 0.07033997655334115
0 0.869140625 0.5679953106682297 0.04296875 0.1254396248534584
0 0.67890625 0.42672919109026963 0.03125 0.07971864009378662
0 0.7742187500000001 0.48182883939038684 0.028125 0.08909730363423211
0 0.13125 0.8780773739742086 0.1 0.23212192262602577
