0 0.9452 0.16642958748221906 0.108 0.2446657183499289
0 0.498 0.4061166429587482 0.060000000000000005 0.13513513513513514
0 0.2436 0.45021337126600286 0.08560000000000001 0.1721194879089616
0 0.08600000000000001 0.5291607396870555 0.1 0.2019914651493599
0 0.20520000000000002 0.8036984352773827 0.1368 0.21621621621621623
0 0.66 0.3961593172119488 0.04 0.08392603129445235
0 0.7596 0.3613086770981508 0.0328 0.05974395448079659
0 0.7244 0.3904694167852063 0.0264 0.052631578947368425
0 0.7016 0.360597439544808 0.0352 0.06401137980085349
0 0.20400000000000001 0.33783783783783783 0.0368 0.06970128022759602
0 0.1696 0.34637268847795166 0.0528 0.08392603129445235
0 0.1184 0.2368421052631579 0.0448 0.08108108108108109
