0 0.17777777777777778 0.14333333333333334 0.044444444444444446 0.08666666666666667
0 0.3125 0.2611111111111111 0.03888888888888889 0.06888888888888889
0 0.4486111111111111 0.23777777777777778 0.05 0.08
0 0.56875 0.25333333333333335 0.0375 0.10222222222222223
0 0.28958333333333336 0.38555555555555554 0.034722222222222224 0.09555555555555556
0 0.43472222222222223 0.4166666666666667 0.05 0.07333333333333333
0 0.5902777777777778 0.4444444444444444 0.03333333333333333 0.08444444444444445
0 0.7069444444444445 0.42666666666666664 0.036111111111111115 0.08
0 0.675 0.25555555555555554 0.03333333333333333 0.057777777777777775
0 0.8361111111111111 0.3922222222222222 0.036111111111111115 0.08222222222222222
0 0.9222222222222223 0.42777777777777776 0.05 0.07777777777777778
