0 0.07983870967741935 0.2148997134670487 0.05967741935483871 0.11174785100286533
0 0.1681451612903226 0.27363896848137537 0.05241935483870968 0.08882521489971347
0 0.35 0.25716332378223494 0.054838709677419356 0.12177650429799426
0 0.45241935483870965 0.46489971346704867 0.056451612903225805 0.10171919770773638
0 0.5661290322580645 0.22564469914040114 0.04838709677419355 0.09312320916905444
0 0.7141129032258065 0.3159025787965616 0.049193548387096775 0.0988538681948424
0 0.944758064516129 0.20487106017191978 0.04596774193548387 0.09455587392550142
0 0.7600806451612904 0.20272206303724927 0.03951612903225806 0.08739255014326647
0 0.4754032258064516 0.22851002865329512 0.03467741935483871 0.06446991404011461
0 0.4064516129032258 0.2292263610315186 0.05 0.0830945558739255
0 0.6133064516129032 0.25358166189111747 0.03951612903225806 0.08882521489971347
0 0.2939516129032258 0.16475644699140402 0.03467741935483871 0.08022922636103151
2 0.8056451612903226 0.21060171919770773 0.043548387096774194 0.08022922636103151
0 0.8814516129032258 0.17406876790830944 0.05 0.10458452722063037
0 0.6516129032258065 0.2686246418338109 0.043548387096774194 0.1361031518624642
0 0.5209677419354839 0.20558739255014327 0.043548387096774194 0.09598853868194843
