2 0.181875 0.44629475437135724 0.045 0.08326394671107411
2 0.3209375 0.6973355537052457 0.066875 0.06910907577019151
2 0.32 0.8301415487094088 0.05 0.11323896752706078
2 0.6115625 0.6661115736885929 0.063125 0.08326394671107411
2 0.6925 0.5903413821815154 0.03 0.05995004163197336
2 0.4234375 0.5641132389675271 0.040625 0.070774354704413
2 0.41125 0.35720233139050794 0.045 0.06827643630308076
2 0.0990625 0.3555370524562864 0.029375000000000002 0.0466278101582015
2 0.50875 0.29350541215653625 0.02625 0.04079933388842631
2 0.569375 0.31890091590341385 0.05375 0.05661948376353039
2 0.6715625000000001 0.3263946711074105 0.026875 0.05328892589508743
2 0.6771875 0.4221482098251457 0.036875 0.04829308909242298
2 0.7940625 0.3671940049958368 0.031875 0.03996669442131557
2 0.8859375 0.3776019983347211 0.034375 0.055786844296419655
2 0.9709375 0.47751873438801 0.038125 0.07743547044129892
2 0.45406250000000004 0.25520399666944216 0.020625 0.032472939217318905
2 0.11875000000000001 0.22980849292256453 0.0125 0.02331390507910075
2 0.1446875 0.23771856786011658 0.016875 0.01582014987510408
2 0.36375 0.2660283097418818 0.0225 0.03080766028309742
2 0.6353125000000001 0.26477935054121565 0.021875000000000002 0.03663613655287261
2 0.7340625000000001 0.25520399666944216 0.019375 0.04079933388842631
2 0.7815625 0.283097418817652 0.016875 0.02997502081598668
2 0.9293750000000001 0.3480432972522898 0.03375 0.04329725228975854
2 0.9565625 0.2939217318900916 0.023125 0.041631973355537054
2 0.0625 0.220233139050791 0.01125 0.022481265611990008
