2 0.22091974752028853 0.29083333333333333 0.11000901713255185 0.12666666666666668
2 0.3733092876465284 0.5758333333333334 0.11541929666366095 0.12833333333333335
2 0.4833183047790802 0.5804166666666667 0.10099188458070334 0.10083333333333334
2 0.6163210099188458 0.5595833333333333 0.10369702434625788 0.12416666666666668
2 0.48016230838593327 0.22041666666666668 0.08205590622182146 0.08583333333333334
2 0.6275924256086565 0.34125 0.08476104598737601 0.09416666666666668
2 0.6528403967538322 0.14500000000000002 0.0721370604147881 0.085
2 0.5338142470694319 0.09708333333333334 0.08656447249774571 0.09083333333333334
2 0.35617673579801623 0.17958333333333334 0.0811541929666366 0.08916666666666667
2 0.7939585211902614 0.17208333333333334 0.09287646528403967 0.0975
2 0.926961226330027 0.14833333333333334 0.09017132551848511 0.11666666666666667
