0 0.1403061224489796 0.10144927536231885 0.06836734693877551 0.13768115942028986
0 0.02959183673469388 0.2427536231884058 0.05306122448979592 0.07971014492753624
0 0.2709183673469388 0.322463768115942 0.05 0.09420289855072464
1 0.37704081632653064 0.3134057971014493 0.03571428571428572 0.08695652173913043
0 0.41734693877551027 0.13134057971014493 0.05714285714285715 0.125
0 0.5295918367346939 0.15942028985507248 0.05306122448979592 0.09057971014492754
0 0.5102040816326531 0.22010869565217392 0.04489795918367347 0.08152173913043478
0 0.5846938775510204 0.2554347826086957 0.02653061224489796 0.07971014492753624
0 0.6602040816326531 0.22554347826086957 0.03877551020408164 0.1105072463768116
0 0.7081632653061225 0.22554347826086957 0.03469387755102041 0.09601449275362318
0 0.7719387755102042 0.29528985507246375 0.023469387755102045 0.057971014492753624
0 0.8153061224489797 0.23550724637681159 0.036734693877551024 0.07608695652173914
0 0.8928571428571429 0.26721014492753625 0.030612244897959186 0.08876811594202899
0 0.9270408163265307 0.2545289855072464 0.0336734693877551 0.0923913043478261
