2 0.3345 0.5616 0.036000000000000004 0.1184
2 0.38825 0.522 0.0315 0.076
2 0.57725 0.5312 0.0465 0.07680000000000001
2 0.5015000000000001 0.3936 0.017 0.04
2 0.27025 0.4656 0.0285 0.0608
2 0.56975 0.3652 0.0135 0.044000000000000004
2 0.597 0.444 0.028 0.0608
2 0.639 0.3708 0.014 0.0376
0 0.7755 0.3448 0.05 0.0896
2 0.16625 0.3516 0.0155 0.0392
2 0.044 0.30760000000000004 0.016 0.0328
2 0.116 0.368 0.016 0.032
2 0.55075 0.2676 0.0075 0.016800000000000002
2 0.5275 0.27440000000000003 0.006 0.0128
2 0.4465 0.34400000000000003 0.012 0.0304
2 0.6625 0.3472 0.009000000000000001 0.024
