0 0.6127118644067796 0.19860406091370555 0.14067796610169492 0.15989847715736039
0 0.39872881355932205 0.21668781725888323 0.10254237288135593 0.14276649746192893
0 0.19639830508474576 0.291243654822335 0.09745762711864407 0.15862944162436546
0 0.05519067796610169 0.36262690355329946 0.1086864406779661 0.15545685279187815
0 0.8312499999999999 0.1526015228426396 0.11292372881355932 0.15418781725888323
0 0.04523305084745763 0.6559327411167513 0.08622881355932203 0.18178934010152284
0 0.19427966101694916 0.6744923857868019 0.1059322033898305 0.15545685279187815
0 0.4400423728813559 0.6454631979695431 0.11864406779661017 0.1690989847715736
0 0.5636652542372881 0.5598032994923857 0.09894067796610169 0.19447969543147206
0 0.9181144067796609 0.5042829949238579 0.10444915254237287 0.18305837563451774
0 0.6268008474576271 0.8927664974619288 0.13072033898305085 0.18401015228426396
0 0.8906779661016949 0.8702411167512689 0.1652542372881356 0.19987309644670048
0 0.32065677966101697 0.9430520304568527 0.09470338983050847 0.11326142131979694
