0 0.2565 0.5292573143285821 0.058 0.086271567891973
1 0.09525 0.47749437359339836 0.0315 0.06826706676669167
0 0.0725 0.3098274568642161 0.039 0.06601650412603151
0 0.56425 0.6035258814703676 0.051500000000000004 0.06376594148537135
0 0.65475 0.6541635408852213 0.0545 0.09452363090772693
0 0.3605 0.5116279069767442 0.044 0.08852213053263316
0 0.504 0.5090022505626407 0.031 0.08027006751687922
0 0.134 0.32033008252063017 0.038 0.06451612903225806
0 0.24875 0.22468117029257315 0.0335 0.03975993998499625
0 0.34575 0.29444861215303825 0.0425 0.05026256564141036
0 0.29725 0.3822205551387847 0.0395 0.07426856714178545
0 0.22225 0.31695423855963994 0.0395 0.051762940735183796
0 0.09975 0.1620405101275319 0.0225 0.0555138784696174
0 0.714 0.4253563390847712 0.042 0.07201800450112528
0 0.75275 0.6616654163540886 0.0375 0.09452363090772693
0 0.8230000000000001 0.5172543135783946 0.041 0.07726931732933233
0 0.47675 0.2685671417854464 0.0335 0.049512378094523635
0 0.5435 0.28132033008252066 0.031 0.06151537884471118
0 0.62075 0.22655663915978996 0.0325 0.058514628657164294
0 0.663 0.3604651162790698 0.033 0.056264066016504126
0 0.8745 0.5018754688672168 0.031 0.06601650412603151
0 0.9267500000000001 0.39047261815453865 0.0335 0.07126781695423856
0 0.83925 0.3057014253563391 0.0265 0.05926481620405102
0 0.784 0.281695423855964 0.04 0.051762940735183796
