0 0.05166666666666667 0.2762148337595908 0.06333333333333334 0.08184143222506395
0 0.18916666666666668 0.25063938618925835 0.045000000000000005 0.061381074168797956
0 0.26625000000000004 0.24552429667519182 0.0425 0.06649616368286446
0 0.41250000000000003 0.23081841432225067 0.05166666666666667 0.07544757033248083
0 0.5204166666666667 0.2749360613810742 0.052500000000000005 0.05882352941176471
0 0.5820833333333334 0.3337595907928389 0.0575 0.09718670076726343
0 0.6983333333333334 0.36253196930946296 0.06333333333333334 0.1368286445012788
0 0.8054166666666667 0.33248081841432225 0.04916666666666667 0.09718670076726343
0 0.9275000000000001 0.4290281329923274 0.095 0.14961636828644503
0 0.8120833333333334 0.17774936061381075 0.03416666666666667 0.061381074168797956
0 0.5254166666666668 0.159846547314578 0.03916666666666667 0.05882352941176471
0 0.4591666666666667 0.22378516624040923 0.03166666666666667 0.07672634271099744
2 0.6716666666666667 0.2001278772378517 0.04666666666666667 0.09335038363171357
2 0.8658333333333333 0.41624040920716115 0.04166666666666667 0.09335038363171357
